بوسۂ  رخسار  پر  تکرار  رہنے  دیجیے  لیجیے  یا  دیجیے  انکار  رہنے  دیجیے
بوسہ  دیتے  نہیں  اور  دل  پہ  ہے  ہر  لحظہ  نگاہ  جی  میں  کہتے  ہیں  کہ  مفت  آئے  تو  مال  اچھا  ہے
بوسہ  جو  رخ  کا  دیتے  نہیں  لب  کا  دیجئے  یہ  ہے  مثل  کہ  پھول  نہیں  پنکھڑی  سہی
ایک  بوسہ  ہونٹ  پر  پھیلا  تبسم  بن  گیا  جو  حرارت  تھی  مری  اس  کے  بدن  میں  آ  گئی
دکھا  کے  جنبش  لب  ہی  تمام  کر  ہم  کو  نہ  دے  جو  بوسہ  تو  منہ  سے  کہیں  جواب  تو  دے
بوسے  اپنے  عارض  گلفام  کے  لا  مجھے  دے  دے  ترے  کس  کام  کے
بدن  کا  سارا  لہو  کھنچ  کے  آ  گیا  رخ  پر  وہ  ایک  بوسہ  ہمیں  دے  کے  سرخ  رو  ہے  بہت
لجا  کر  شرم  کھا  کر  مسکرا  کر  دیا  بوسہ  مگر  منہ  کو  بنا  کر
بوسہ  جو  طلب  میں  نے  کیا  ہنس  کے  وہ  بولے  یہ  حسن  کی  دولت  ہے  لٹائی  نہیں  جاتی
بے  گنتی  بوسے  لیں  گے  رخ  دل  پسند  کے  عاشق  ترے  پڑھے  نہیں  علم  حساب  کو
کیا  قیامت  ہے  کہ  عارض  ان  کے  نیلے  پڑ  گئے  ہم  نے  تو  بوسہ  لیا  تھا  خواب  میں  تصویر  کا
بوسہ  ہونٹوں  کا  مل  گیا  کس  کو  دل  میں  کچھ  آج  درد  میٹھا  ہے
لے  لو  بوسہ  اپنا  واپس  کس  لیے  تکرار  کی  کیا  کوئی  جاگیر  ہم  نے  چھین  لی  سرکار  کی
جس  لب  کے  غیر  بوسے  لیں  اس  لب  سے  شیفتہؔ  کمبخت  گالیاں  بھی  نہیں  میرے  واسطے
بوسہ  تو  اس  لب  شیریں  سے  کہاں  ملتا  ہے  گالیاں  بھی  ملیں  ہم  کو  تو  ملیں  تھوڑی  سی
میں  آ  رہا  ہوں  ابھی  چوم  کر  بدن  اس  کا  سنا  تھا  آگ  پہ  بوسہ  رقم  نہیں  ہوتا
بجھے  لبوں  پہ  ہے  بوسوں  کی  راکھ  بکھری  ہوئی  میں  اس  بہار  میں  یہ  راکھ  بھی  اڑا  دوں  گا
ہم  کو  گالی  کے  لیے  بھی  لب  ہلا  سکتے  نہیں  غیر  کو  بوسہ  دیا  تو  منہ  سے  دکھلا  کر  دیا
اجالے  اپنی  یادوں  کے  ہمارے  ساتھ  رہنے  دو  نہ  جانے  کس  گلی  میں  زندگی  کی  شام  ہو  جائے
اس  کی  یاد  آئی  ہے  سانسو  ذرا  آہستہ  چلو  دھڑکنوں  سے  بھی  عبادت  میں  خلل  پڑتا  ہے
اب  کے  ہم  بچھڑے  تو  شاید  کبھی  خوابوں  میں  ملیں  جس  طرح  سوکھے  ہوئے  پھول  کتابوں  میں  ملیں
چپکے  چپکے  رات  دن  آنسو  بہانا  یاد  ہے  ہم  کو  اب  تک  عاشقی  کا  وہ  زمانا  یاد  ہے
کس  کس  کو  بتائیں  گے  جدائی  کا  سبب  ہم  تو  مجھ  سے  خفا  ہے  تو  زمانے  کے  لیے  آ
وہ  تو  خوش  بو  ہے  ہواؤں  میں  بکھر  جائے  گا  مسئلہ  پھول  کا  ہے  پھول  کدھر  جائے  گا
دل  دھڑکنے  کا  سبب  یاد  آیا  وہ  تری  یاد  تھی  اب  یاد  آیا
یہ  عشق  نہیں  آساں  اتنا  ہی  سمجھ  لیجے  اک  آگ  کا  دریا  ہے  اور  ڈوب  کے  جانا  ہے
تم  کو  آتا  ہے  پیار  پر  غصہ  مجھ  کو  غصے  پہ  پیار  آتا  ہے
کروں  گا  کیا  جو  محبت  میں  ہو  گیا  ناکام  مجھے  تو  اور  کوئی  کام  بھی  نہیں  آتا
تیرا  ملنا  خوشی  کی  بات  سہی  تجھ  سے  مل  کر  اداس  رہتا  ہوں
آج  دیکھا  ہے  تجھ  کو  دیر  کے  بعد  آج  کا  دن  گزر  نہ  جائے  کہیں
بھولے  ہیں  رفتہ  رفتہ  انہیں  مدتوں  میں  ہم  قسطوں  میں  خودکشی  کا  مزا  ہم  سے  پوچھئے
جھکی  جھکی  سی  نظر  بے  قرار  ہے  کہ  نہیں  دبا  دبا  سا  سہی  دل  میں  پیار  ہے  کہ  نہیں
تمہارے  شہر  کا  موسم  بڑا  سہانا  لگے  میں  ایک  شام  چرا  لوں  اگر  برا  نہ  لگے
جب  بھی  آتا  ہے  مرا  نام  ترے  نام  کے  ساتھ  جانے  کیوں  لوگ  مرے  نام  سے  جل  جاتے  ہیں
دل  کی  چوٹوں  نے  کبھی  چین  سے  رہنے  نہ  دیا  جب  چلی  سرد  ہوا  میں  نے  تجھے  یاد  کیا
فاصلے  ایسے  بھی  ہوں  گے  یہ  کبھی  سوچا  نہ  تھا  سامنے  بیٹھا  تھا  میرے  اور  وہ  میرا  نہ  تھا
پوچھ  لیتے  وہ  بس  مزاج  مرا  کتنا  آسان  تھا  علاج  مرا
آتے  آتے  مرا  نام  سا  رہ  گیا  اس  کے  ہونٹوں  پہ  کچھ  کانپتا  رہ  گیا
میں  جب  سو  جاؤں  ان  آنکھوں  پہ  اپنے  ہونٹ  رکھ  دینا  یقیں  آ  جائے  گا  پلکوں  تلے  بھی  دل  دھڑکتا  ہے
زندگی  بھر  کے  لیے  روٹھ  کے  جانے  والے  میں  ابھی  تک  تری  تصویر  لیے  بیٹھا  ہوں
ظالم  تھا  وہ  اور  ظلم  کی  عادت  بھی  بہت  تھی  مجبور  تھے  ہم  اس  سے  محبت  بھی  بہت  تھی
چلو  اچھا  ہوا  کام  آ  گئی  دیوانگی  اپنی  وگرنہ  ہم  زمانے  بھر  کو  سمجھانے  کہاں  جاتے
میں  چاہتا  تھا  کہ  اس  کو  گلاب  پیش  کروں  وہ  خود  گلاب  تھا  اس  کو  گلاب  کیا  دیتا
محبت  ایک  خوشبو  ہے  ہمیشہ  ساتھ  چلتی  ہے  کوئی  انسان  تنہائی  میں  بھی  تنہا  نہیں  رہتا
لوگ  کانٹوں  سے  بچ  کے  چلتے  ہیں  میں  نے  پھولوں  سے  زخم  کھائے  ہیں
ایک  چہرہ  ہے  جو  آنکھوں  میں  بسا  رہتا  ہے  اک  تصور  ہے  جو  تنہا  نہیں  ہونے  دیتا
علاج  اپنا  کراتے  پھر  رہے  ہو  جانے  کس  کس  سے  محبت  کر  کے  دیکھو  نا  محبت  کیوں  نہیں  کرتے
اک  روز  کھیل  کھیل  میں  ہم  اس  کے  ہو  گئے  اور  پھر  تمام  عمر  کسی  کے  نہیں  ہوئے
صرف  اس  کے  ہونٹ  کاغذ  پر  بنا  دیتا  ہوں  میں  خود  بنا  لیتی  ہے  ہونٹوں  پر  ہنسی  اپنی  جگہ
آج  بھی  شاید  کوئی  پھولوں  کا  تحفہ  بھیج  دے  تتلیاں  منڈلا  رہی  ہیں  کانچ  کے  گلدان  پر
اس  تعلق  میں  نہیں  ممکن  طلاق  یہ  محبت  ہے  کوئی  شادی  نہیں
اپنے  جیسی  کوئی  تصویر  بنانی  تھی  مجھے  مرے  اندر  سے  سبھی  رنگ  تمہارے  نکلے
پھول  ہی  پھول  یاد  آتے  ہیں  آپ  جب  جب  بھی  مسکراتے  ہیں
ہر  ملاقات  پہ  سینے  سے  لگانے  والے  کتنے  پیارے  ہیں  مجھے  چھوڑ  کے  جانے  والے
اگرچہ  پھول  یہ  اپنے  لیے  خریدے  ہیں  کوئی  جو  پوچھے  تو  کہہ  دوں  گا  اس  نے  بھیجے  ہیں
دل  مجھے  اس  گلی  میں  لے  جا  کر  اور  بھی  خاک  میں  ملا  لایا
جب  سے  تو  نے  مجھے  دیوانہ  بنا  رکھا  ہے  سنگ  ہر  شخص  نے  ہاتھوں  میں  اٹھا  رکھا  ہے
سنو  کہ  اب  ہم  گلاب  دیں  گے  گلاب  لیں  گے  محبتوں  میں  کوئی  خسارہ  نہیں  چلے  گا
ہم  کو  کس  کے  غم  نے  مارا  یہ  کہانی  پھر  سہی  کس  نے  توڑا  دل  ہمارا  یہ  کہانی  پھر  سہی
پھول  کھلے  ہیں  لکھا  ہوا  ہے  توڑو  مت  اور  مچل  کر  جی  کہتا  ہے  چھوڑو  مت
اک  بے  قرار  دل  سے  ملاقات  کیجیے  جب  مل  گئے  ہیں  آپ  تو  کچھ  بات  کیجیے
ہم  بہت  دور  نکل  آئے  ہیں  چلتے  چلتے  اب  ٹھہر  جائیں  کہیں  شام  کے  ڈھلتے  ڈھلتے
میرے  گھر  کے  تمام  دروازے  تم  سے  کرتے  ہیں  پیار  آ  جاؤ
کانٹے  تو  خیر  کانٹے  ہیں  اس  کا  گلہ  ہی  کیا  پھولوں  کی  واردات  سے  گھبرا  کے  پی  گیا
محبت  کو  چھپائے  لاکھ  کوئی  چھپ  نہیں  سکتی  یہ  وہ  افسانہ  ہے  جو  بے  کہے  مشہور  ہوتا  ہے
ہمیشہ  ہاتھوں  میں  ہوتے  ہیں  پھول  ان  کے  لئے  کسی  کو  بھیج  کے  منگوانے  تھوڑی  ہوتے  ہیں
تم  کو  بھلا  رہی  تھی  کہ  تم  یاد  آ  گئے  میں  زہر  کھا  رہی  تھی  کہ  تم  یاد  گئے
میں  گھٹتا  جا  رہا  ہوں  اپنے  اندر  تمہیں  اتنا  زیادہ  کر  لیا  ہے
اس  نے  بارش  میں  بھی  کھڑکی  کھول  کے  دیکھا  نہیں  بھیگنے  والوں  کو  کل  کیا  کیا  پریشانی  ہوئی
تمام  رات  نہایا  تھا  شہر  بارش  میں  وہ  رنگ  اتر  ہی  گئے  جو  اترنے  والے  تھے
دھوپ  نے  گزارش  کی  ایک  بوند  بارش  کی
اب  بھی  برسات  کی  راتوں  میں  بدن  ٹوٹتا  ہے  جاگ  اٹھتی  ہیں  عجب  خواہشیں  انگڑائی  کی
بارش  شراب  عرش  ہے  یہ  سوچ  کر  عدمؔ  بارش  کے  سب  حروف  کو  الٹا  کے  پی  گیا
برسات  کے  آتے  ہی  توبہ  نہ  رہی  باقی  بادل  جو  نظر  آئے  بدلی  میری  نیت  بھی
دور  تک  چھائے  تھے  بادل  اور  کہیں  سایہ  نہ  تھا  اس  طرح  برسات  کا  موسم  کبھی  آیا  نہ  تھا
ٹوٹ  پڑتی  تھیں  گھٹائیں  جن  کی  آنکھیں  دیکھ  کر  وہ  بھری  برسات  میں  ترسے  ہیں  پانی  کے  لیے
میں  چپ  کراتا  ہوں  ہر  شب  امڈتی  بارش  کو  مگر  یہ  روز  گئی  بات  چھیڑ  دیتی  ہے
کچے  مکان  جتنے  تھے  بارش  میں  بہہ  گئے  ورنہ  جو  میرا  دکھ  تھا  وہ  دکھ  عمر  بھر  کا  تھا
ساتھ  بارش  میں  لیے  پھرتے  ہو  اس  کو  انجمؔ  تم  نے  اس  شہر  میں  کیا  آگ  لگانی  ہے  کوئی
چھپ  جائیں  کہیں  آ  کہ  بہت  تیز  ہے  بارش  یہ  میرے  ترے  جسم  تو  مٹی  کے  بنے  ہیں
کیوں  مانگ  رہے  ہو  کسی  بارش  کی  دعائیں  تم  اپنے  شکستہ  در  و  دیوار  تو  دیکھو
حیرت  سے  تکتا  ہے  صحرا  بارش  کے  نذرانے  کو  کتنی  دور  سے  آئی  ہے  یہ  ریت  سے  ہاتھ  ملانے  کو
دفتر  سے  مل  نہیں  رہی  چھٹی  وگرنہ  میں  بارش  کی  ایک  بوند  نہ  بیکار  جانے  دوں
بھیگی  مٹی  کی  مہک  پیاس  بڑھا  دیتی  ہے  درد  برسات  کی  بوندوں  میں  بسا  کرتا  ہے
برسات  تھم  چکی  ہے  مگر  ہر  شجر  کے  پاس  اتنا  تو  ہے  کہ  آپ  کا  دامن  بھگو  سکے
اس  کو  آنا  تھا  کہ  وہ  مجھ  کو  بلاتا  تھا  کہیں  رات  بھر  بارش  تھی  اس  کا  رات  بھر  پیغام  تھا
شہر  کی  گلیوں  میں  گہری  تیرگی  گریاں  رہی  رات  بادل  اس  طرح  آئے  کہ  میں  تو  ڈر  گیا
کچی  دیواروں  کو  پانی  کی  لہر  کاٹ  گئی  پہلی  بارش  ہی  نے  برسات  کی  ڈھایا  ہے  مجھے
رنجش  ہی  سہی  دل  ہی  دکھانے  کے  لیے  آ  آ  پھر  سے  مجھے  چھوڑ  کے  جانے  کے  لیے  آ
یہ  مجھے  چین  کیوں  نہیں  پڑتا  ایک  ہی  شخص  تھا  جہان  میں  کیا
آنکھ  سے  دور  نہ  ہو  دل  سے  اتر  جائے  گا  وقت  کا  کیا  ہے  گزرتا  ہے  گزر  جائے  گا
ہم  کو  ان  سے  وفا  کی  ہے  امید  جو  نہیں  جانتے  وفا  کیا  ہے
اے  دوست  ہم  نے  ترک  محبت  کے  باوجود  محسوس  کی  ہے  تیری  ضرورت  کبھی  کبھی
وہ  ٹوٹتے  ہوئے  رشتوں  کا  حسن  آخر  تھا  کہ  چپ  سی  لگ  گئی  دونوں  کو  بات  کرتے  ہوئے
مدت  ہوئی  اک  شخص  نے  دل  توڑ  دیا  تھا  اس  واسطے  اپنوں  سے  محبت  نہیں  کرتے
بد  قسمتی  کو  یہ  بھی  گوارا  نہ  ہو  سکا  ہم  جس  پہ  مر  مٹے  وہ  ہمارا  نہ  ہو  سکا
زمانے  بھر  کے  غم  یا  اک  ترا  غم  یہ  غم  ہوگا  تو  کتنے  غم  نہ  ہوں  گے
علاج  درد  دل  تم  سے  مسیحا  ہو  نہیں  سکتا  تم  اچھا  کر  نہیں  سکتے  میں  اچھا  ہو  نہیں  سکتا
دل  سراپا  درد  تھا  وہ  ابتدائے  عشق  تھی  انتہا  یہ  ہے  کہ  فانیؔ  درد  اب  دل  ہو  گیا
ہو  دور  اس  طرح  کہ  ترا  غم  جدا  نہ  ہو  پاس  آ  تو  یوں  کہ  جیسے  کبھی  تو  ملا  نہ  ہو
یہ  ہمیں  ہیں  کہ  ترا  درد  چھپا  کر  دل  میں  کام  دنیا  کے  بہ  دستور  کیے  جاتے  ہیں
کچھ  دن  کے  بعد  اس  سے  جدا  ہو  گئے  منیرؔ  اس  بے  وفا  سے  اپنی  طبیعت  نہیں  ملی
اس  نے  آوارہ  مزاجی  کو  نیا  موڑ  دیا  پا  بہ  زنجیر  کیا  اور  مجھے  چھوڑ  دیا
یہ  بات  ترک  تعلق  کے  بعد  ہم  سمجھے  کسی  سے  ترک  تعلق  بھی  اک  تعلق  ہے
شوق  چڑھتی  دھوپ  جاتا  وقت  گھٹتی  چھاؤں  ہے  با  وفا  جو  آج  ہیں  کل  بے  وفا  ہو  جائیں  گے
کہتے  نہ  تھے  ہم  دردؔ  میاں  چھوڑو  یہ  باتیں  پائی  نہ  سزا  اور  وفا  کیجئے  اس  سے
تیرے  ہی  غم  میں  مر  گئے  صد  شکر  آخر  اک  دن  تو  ہم  کو  مرنا  تھا
ترے  سلوک  کا  غم  صبح  و  شام  کیا  کرتے  ذرا  سی  بات  پہ  جینا  حرام  کیا  کرتے
سو  جاتے  ہیں  فٹ  پاتھ  پہ  اخبار  بچھا  کر  مزدور  کبھی  نیند  کی  گولی  نہیں  کھاتے
فرشتے  آ  کر  ان  کے  جسم  پر  خوشبو  لگاتے  ہیں  وہ  بچے  ریل  کے  ڈبوں  میں  جو  جھاڑو  لگاتے  ہیں
کچل  کچل  کے  نہ  فٹ  پاتھ  کو  چلو  اتنا  یہاں  پہ  رات  کو  مزدور  خواب  دیکھتے  ہیں
آنے  والے  جانے  والے  ہر  زمانے  کے  لیے  آدمی  مزدور  ہے  راہیں  بنانے  کے  لیے
شہر  میں  مزدور  جیسا  در  بدر  کوئی  نہیں  جس  نے  سب  کے  گھر  بنائے  اوس  کا  گھر  کوئی  نہیں
تو  قادر  و  عادل  ہے  مگر  تیرے  جہاں  میں  ہیں  تلخ  بہت  بندۂ  مزدور  کے  اوقات
محنت  کر  کے  ہم  تو  آخر  بھوکے  بھی  سو  جائیں  گے  یا  مولا  تو  برکت  رکھنا  بچوں  کی  گڑ  دھانی  میں
بوجھ  اٹھانا  شوق  کہاں  ہے  مجبوری  کا  سودا  ہے  رہتے  رہتے  اسٹیشن  پر  لوگ  قلی  ہو  جاتے  ہیں
ہونے  دو  چراغاں  محلوں  میں  کیا  ہم  کو  اگر  دیوالی  ہے  مزدور  ہیں  ہم  مزدور  ہیں  ہم  مزدور  کی  دنیا  کالی  ہے
تعمیر  و  ترقی  والے  ہیں  کہیے  بھی  تو  ان  کو  کیا  کہیے  جو  شیش  محل  میں  بیٹھے  ہوئے  مزدور  کی  باتیں  کرتے  ہیں
پیڑ  کے  نیچے  ذرا  سی  چھاؤں  جو  اس  کو  ملی  سو  گیا  مزدور  تن  پر  بوریا  اوڑھے  ہوئے
لوگوں  نے  آرام  کیا  اور  چھٹی  پوری  کی  یکم  مئی  کو  بھی  مزدوروں  نے  مزدوری  کی
مل  مالک  کے  کتے  بھی  چربیلے  ہیں  لیکن  مزدوروں  کے  چہرے  پیلے  ہیں
تیری  تابش  سے  روشن  ہیں  گل  بھی  اور  ویرانے  بھی  کیا  تو  بھی  اس  ہنستی  گاتی  دنیا  کا  مزدور  ہے  چاند؟
میں  نے  انورؔ  اس  لیے  باندھی  کلائی  پر  گھڑی  وقت  پوچھیں  گے  کئی  مزدور  بھی  رستے  کے  بیچ
زندگی  اب  اس  قدر  سفاک  ہو  جائے  گی  کیا  بھوک  ہی  مزدور  کی  خوراک  ہو  جائے  گی  کیا
اب  ان  کی  خواب  گاہوں  میں  کوئی  آواز  مت  کرنا  بہت  تھک  ہار  کر  فٹ  پاتھ  پر  مزدور  سوئے  ہیں
میں  اک  مزدور  ہوں  روٹی  کی  خاطر  بوجھ  اٹھاتا  ہوں  مری  قسمت  ہے  بار  حکمرانی  پشت  پر  رکھنا
خون  مزدور  کا  ملتا  جو  نہ  تعمیروں  میں  نہ  حویلی  نہ  محل  اور  نہ  کوئی  گھر  ہوتا
دولت  کا  فلک  توڑ  کے  عالم  کی  جبیں  پر  مزدور  کی  قسمت  کے  ستارے  نکل  آئے
بلاتے  ہیں  ہمیں  محنت  کشوں  کے  ہاتھ  کے  چھالے  چلو  محتاج  کے  منہ  میں  نوالہ  رکھ  دیا  جائے
سروں  پہ  اوڑھ  کے  مزدور  دھوپ  کی  چادر  خود  اپنے  سر  پہ  اسے  سائباں  سمجھنے  لگے
پھوٹنے  والی  ہے  مزدور  کے  ماتھے  سے  کرن  سرخ  پرچم  افق  صبح  پہ  لہراتے  ہیں
تری  زمین  پہ  کرتا  رہا  ہوں  مزدوری  ہے  سوکھنے  کو  پسینہ  معاوضہ  ہے  کہاں
زمام  کار  اگر  مزدور  کے  ہاتھوں  میں  ہو  پھر  کیا  طریق  کوہکن  میں  بھی  وہی  حیلے  ہیں  پرویزی
میں  کہ  ایک  محنت  کش  میں  کہ  تیرگی  دشمن  صبح  نو  عبارت  ہے  میرے  مسکرانے  سے
عبث  محنت  ہے  کچھ  حاصل  نہیں  پتھر  تراشی  سے  یہی  مضمون  تھا  فرہاد  کے  تیشے  کی  کھٹ  کھٹ  کا
انہی  حیرت  زدہ  آنکھوں  سے  دیکھے  ہیں  وہ  آنسو  بھی  جو  اکثر  دھوپ  میں  محنت  کی  پیشانی  سے  ڈھلتے  ہیں
اب  تک  مرے  اعصاب  پہ  محنت  ہے  مسلط  اب  تک  مرے  کانوں  میں  مشینوں  کی  صدا  ہے
ہم  ہیں  مزدور  ہمیں  کون  سہارا  دے  گا  ہم  تو  مٹ  کر  بھی  سہارا  نہیں  مانگا  کرتے
اس  لیے  سب  سے  الگ  ہے  مری  خوشبو  عامیؔ  مشک  مزدور  پسینے  میں  لیے  پھرتا  ہوں
پسینہ  میری  محنت  کا  مرے  ماتھے  پہ  روشن  تھا  چمک  لعل  و  جواہر  کی  مری  ٹھوکر  پہ  رکھی  تھی
دنیا  میری  زندگی  کے  دن  کم  کرتی  جاتی  ہے  کیوں  خون  پسینہ  ایک  کیا  ہے  یہ  میری  مزدوری  ہے
لے  کے  تیشہ  اٹھا  ہے  پھر  مزدور  ڈھل  رہے  ہیں  جبل  مشینوں  میں
سرفروشی  کی  تمنا  اب  ہمارے  دل  میں  ہے  دیکھنا  ہے  زور  کتنا  بازوئے  قاتل  میں  ہے
دل  سے  نکلے  گی  نہ  مر  کر  بھی  وطن  کی  الفت  میری  مٹی  سے  بھی  خوشبوئے  وفا  آئے  گی
سارے  جہاں  سے  اچھا  ہندوستاں  ہمارا  ہم  بلبلیں  ہیں  اس  کی  یہ  گلستاں  ہمارا
لہو  وطن  کے  شہیدوں  کا  رنگ  لایا  ہے  اچھل  رہا  ہے  زمانے  میں  نام  آزادی
وطن  کے  جاں  نثار  ہیں  وطن  کے  کام  آئیں  گے  ہم  اس  زمیں  کو  ایک  روز  آسماں  بنائیں  گے
مذہب  نہیں  سکھاتا  آپس  میں  بیر  رکھنا  ہندی  ہیں  ہم  وطن  ہے  ہندوستاں  ہمارا
وطن  کی  خاک  سے  مر  کر  بھی  ہم  کو  انس  باقی  ہے  مزا  دامان  مادر  کا  ہے  اس  مٹی  کے  دامن  میں
وطن  کی  خاک  ذرا  ایڑیاں  رگڑنے  دے  مجھے  یقین  ہے  پانی  یہیں  سے  نکلے  گا
وطن  کی  پاسبانی  جان  و  ایماں  سے  بھی  افضل  ہے  میں  اپنے  ملک  کی  خاطر  کفن  بھی  ساتھ  رکھتا  ہوں
وطن  کی  سر  زمیں  سے  عشق  و  الفت  ہم  بھی  رکھتے  ہیں  کھٹکتی  جو  رہے  دل  میں  وہ  حسرت  ہم  بھی  رکھتے  ہیں
ہے  محبت  اس  وطن  سے  اپنی  مٹی  سے  ہمیں  اس  لیے  اپنا  کریں  گے  جان  و  تن  قربان  ہم
سرور  جاں  فزا  دیتی  ہے  آغوش  وطن  سب  کو  کہ  جیسے  بھی  ہوں  بچے  ماں  کو  پیارے  ایک  جیسے  ہیں
نہ  پوچھو  ہم  سفرو  مجھ  سے  ماجرا  وطن  وطن  ہے  مجھ  پے  فدا  اور  میں  فدائے  وطن
اس  سادگی  پہ  کون  نہ  مر  جائے  اے  خدا  لڑتے  ہیں  اور  ہاتھ  میں  تلوار  بھی  نہیں
انداز  اپنا  دیکھتے  ہیں  آئنے  میں  وہ  اور  یہ  بھی  دیکھتے  ہیں  کوئی  دیکھتا  نہ  ہو
حیا  سے  سر  جھکا  لینا  ادا  سے  مسکرا  دینا  حسینوں  کو  بھی  کتنا  سہل  ہے  بجلی  گرا  دینا
پوچھا  جو  ان  سے  چاند  نکلتا  ہے  کس  طرح  زلفوں  کو  رخ  پہ  ڈال  کے  جھٹکا  دیا  کہ  یوں
یہ  جو  سر  نیچے  کئے  بیٹھے  ہیں  جان  کتنوں  کی  لیے  بیٹھے  ہیں
جان  لینی  تھی  صاف  کہہ  دیتے  کیا  ضرورت  تھی  مسکرانے  کی
پہلے  اس  میں  اک  ادا  تھی  ناز  تھا  انداز  تھا  روٹھنا  اب  تو  تری  عادت  میں  شامل  ہو  گیا
آفت  تو  ہے  وہ  ناز  بھی  انداز  بھی  لیکن  مرتا  ہوں  میں  جس  پر  وہ  ادا  اور  ہی  کچھ  ہے
آپ  نے  تصویر  بھیجی  میں  نے  دیکھی  غور  سے  ہر  ادا  اچھی  خموشی  کی  ادا  اچھی  نہیں
نگاہیں  اس  قدر  قاتل  کہ  اف  اف  ادائیں  اس  قدر  پیاری  کہ  توبہ
انگڑائی  بھی  وہ  لینے  نہ  پائے  اٹھا  کے  ہاتھ  دیکھا  جو  مجھ  کو  چھوڑ  دئیے  مسکرا  کے  ہاتھ
ادا  سے  دیکھ  لو  جاتا  رہے  گلہ  دل  کا  بس  اک  نگاہ  پہ  ٹھہرا  ہے  فیصلہ  دل  کا
گل  ہو  مہتاب  ہو  آئینہ  ہو  خورشید  ہو  میر  اپنا  محبوب  وہی  ہے  جو  ادا  رکھتا  ہو
زمانہ  حسن  نزاکت  بلا  جفا  شوخی  سمٹ  کے  آ  گئے  سب  آپ  کی  اداؤں  میں
نماز  اپنی  اگرچہ  کبھی  قضا  نہ  ہوئی  ادا  کسی  کی  جو  دیکھی  تو  پھر  ادا  نہ  ہوئی
خوب  رو  ہیں  سیکڑوں  لیکن  نہیں  تیرا  جواب  دل  ربائی  میں  ادا  میں  ناز  میں  انداز  میں
صورت  تو  ابتدا  سے  تری  لا  جواب  تھی  ناز  و  ادا  نے  اور  طرح  دار  کر  دیا
ناز  ہے  گل  کو  نزاکت  پہ  چمن  میں  اے  ذوقؔ  اس  نے  دیکھے  ہی  نہیں  ناز  و  نزاکت  والے
تجھ  کو  دیکھا  نہ  ترے  ناز  و  ادا  کو  دیکھا  تیری  ہر  طرز  میں  اک  شان  خدا  کو  دیکھا
دشمن  کے  گھر  سے  چل  کے  دکھا  دو  جدا  جدا  یہ  بانکپن  کی  چال  یہ  ناز  و  ادا  کی  ہے
دعا  کو  ہات  اٹھاتے  ہوئے  لرزتا  ہوں  کبھی  دعا  نہیں  مانگی  تھی  ماں  کے  ہوتے  ہوئے
جاتے  ہو  خدا  حافظ  ہاں  اتنی  گزارش  ہے  جب  یاد  ہم  آ  جائیں  ملنے  کی  دعا  کرنا
مرض  عشق  جسے  ہو  اسے  کیا  یاد  رہے  نہ  دوا  یاد  رہے  اور  نہ  دعا  یاد  رہے
میں  کیا  کروں  مرے  قاتل  نہ  چاہنے  پر  بھی  ترے  لیے  مرے  دل  سے  دعا  نکلتی  ہے
مجھے  زندگی  کی  دعا  دینے  والے  ہنسی  آ  رہی  ہے  تری  سادگی  پر
دعا  کرو  کہ  میں  اس  کے  لیے  دعا  ہو  جاؤں  وہ  ایک  شخص  جو  دل  کو  دعا  سا  لگتا  ہے
کوئی  چارہ  نہیں  دعا  کے  سوا  کوئی  سنتا  نہیں  خدا  کے  سوا
ہزار  بار  جو  مانگا  کرو  تو  کیا  حاصل  دعا  وہی  ہے  جو  دل  سے  کبھی  نکلتی  ہے
مانگ  لوں  تجھ  سے  تجھی  کو  کہ  سبھی  کچھ  مل  جائے  سو  سوالوں  سے  یہی  ایک  سوال  اچھا  ہے
دعائیں  یاد  کرا  دی  گئی  تھیں  بچپن  میں  سو  زخم  کھاتے  رہے  اور  دعا  دئیے  گئے  ہم
مانگا  کریں  گے  اب  سے  دعا  ہجر  یار  کی  آخر  تو  دشمنی  ہے  اثر  کو  دعا  کے  ساتھ
مانگی  تھی  ایک  بار  دعا  ہم  نے  موت  کی  شرمندہ  آج  تک  ہیں  میاں  زندگی  سے  ہم
ہوتی  نہیں  قبول  دعا  ترک  عشق  کی  دل  چاہتا  نہ  ہو  تو  زباں  میں  اثر  کہاں
میں  زندگی  کی  دعا  مانگنے  لگا  ہوں  بہت  جو  ہو  سکے  تو  دعاؤں  کو  بے  اثر  کر  دے
نہ  چارہ  گر  کی  ضرورت  نہ  کچھ  دوا  کی  ہے  دعا  کو  ہاتھ  اٹھاؤ  کہ  غم  کی  رات  کٹے
باقی  ہی  کیا  رہا  ہے  تجھے  مانگنے  کے  بعد  بس  اک  دعا  میں  چھوٹ  گئے  ہر  دعا  سے  ہم
دشمن  جاں  ہی  سہی  دوست  سمجھتا  ہوں  اسے  بد  دعا  جس  کی  مجھے  بن  کے  دعا  لگتی  ہے
ابھی  دلوں  کی  طنابوں  میں  سختیاں  ہیں  بہت  ابھی  ہماری  دعا  میں  اثر  نہیں  آیا
دھوپ  سائے  کی  طرح  پھیل  گئی  ان  درختوں  کی  دعا  لینے  سے
اس  کے  چہرے  کی  چمک  کے  سامنے  سادہ  لگا  آسماں  پہ  چاند  پورا  تھا  مگر  آدھا  لگا
کل  چودھویں  کی  رات  تھی  شب  بھر  رہا  چرچا  ترا  کچھ  نے  کہا  یہ  چاند  ہے  کچھ  نے  کہا  چہرا  ترا
عید  کا  چاند  تم  نے  دیکھ  لیا  چاند  کی  عید  ہو  گئی  ہوگی
ہر  ایک  رات  کو  مہتاب  دیکھنے  کے  لیے  میں  جاگتا  ہوں  ترا  خواب  دیکھنے  کے  لیے
وہ  چاند  کہہ  کے  گیا  تھا  کہ  آج  نکلے  گا  تو  انتظار  میں  بیٹھا  ہوا  ہوں  شام  سے  میں
چاند  سے  تجھ  کو  جو  دے  نسبت  سو  بے  انصاف  ہے  چاند  کے  منہ  پر  ہیں  چھائیں  تیرا  مکھڑا  صاف  ہے
مجھ  کو  معلوم  ہے  محبوب  پرستی  کا  عذاب  دیر  سے  چاند  نکلنا  بھی  غلط  لگتا  ہے
پاؤں  ساکت  ہو  گئے  ثروتؔ  کسی  کو  دیکھ  کر  اک  کشش  مہتاب  جیسی  چہرۂ  دل  بر  میں  تھی
کئی  چاند  تھے  سر  آسماں  کہ  چمک  چمک  کے  پلٹ  گئے  نہ  لہو  مرے  ہی  جگر  میں  تھا  نہ  تمہاری  زلف  سیاہ  تھی
لطف  شب  مہ  اے  دل  اس  دم  مجھے  حاصل  ہو  اک  چاند  بغل  میں  ہو  اک  چاند  مقابل  ہو
چاند  میں  تو  نظر  آیا  تھا  مجھے  میں  نے  مہتاب  نہیں  دیکھا  تھا
یہ  کس  زہرہ  جبیں  کی  انجمن  میں  آمد  آمد  ہے  بچھایا  ہے  قمر  نے  چاندنی  کا  فرش  محفل  میں
رسوا  کرے  گی  دیکھ  کے  دنیا  مجھے  قمرؔ  اس  چاندنی  میں  ان  کو  بلانے  کو  جائے  کون
دیکھا  ہلال  عید  تو  تم  یاد  آ  گئے  اس  محویت  میں  عید  ہماری  گزر  گئی
ہم  نے  اس  چہرے  کو  باندھا  نہیں  مہتاب  مثال  ہم  نے  مہتاب  کو  اس  رخ  کے  مماثل  باندھا
محسوس  ہو  رہا  ہے  کہ  میں  خود  سفر  میں  ہوں  جس  دن  سے  ریل  پر  میں  تجھے  چھوڑنے  گیا
ریل  دیکھی  ہے  کبھی  سینے  پہ  چلنے  والی  یاد  تو  ہوں  گے  تجھے  ہاتھ  ہلاتے  ہوئے  ہم
رات  تھی  جب  تمہارا  شہر  آیا  پھر  بھی  کھڑکی  تو  میں  نے  کھول  ہی  لی
یادوں  کی  ریل  اور  کہیں  جا  رہی  تھی  پھر  زنجیر  کھینچ  کر  ہی  اترنا  پڑا  مجھے
تو  کسی  ریل  سی  گزرتی  ہے  میں  کسی  پل  سا  تھرتھراتا  ہوں
اک  دندناتی  ریل  سی  عمریں  گزر  گئیں  دو  پٹریوں  کے  بیچ  وہی  فاصلے  رہے
جانے  کس  کی  آس  لگی  ہے  جانے  کس  کو  آنا  ہے  کوئی  ریل  کی  سیٹی  سن  کر  سوتے  سے  اٹھ  جاتا  ہے
انجمؔ  تمہارا  شہر  جدھر  ہے  اسی  طرف  اک  ریل  جا  رہی  تھی  کہ  تم  یاد  آ  گئے
اس  ایک  چھوٹے  سے  قصبے  پہ  ریل  ٹھہری  نہیں  وہاں  بھی  چند  مسافر  اترنے  والے  تھے
جیسے  ریل  کی  ہر  کھڑکی  کی  اپنی  اپنی  دنیا  ہے  کچھ  منظر  تو  بن  نہیں  پاتے  کچھ  پیچھے  رہ  جاتے  ہیں
صبح  کاذب  کی  ہوا  میں  درد  تھا  کتنا  منیرؔ  ریل  کی  سیٹی  بجی  تو  دل  لہو  سے  بھر  گیا
سرما  کی  رات  ریل  کا  ڈبہ  اداسیاں  لمبا  سفر  ہے  اور  ترا  ساتھ  بھی  نہیں
گاڑی  آتی  ہے  لیکن  آتی  ہی  نہیں  ریل  کی  پٹری  دیکھ  کے  تھک  جاتا  ہوں  میں
پیچھے  پیچھے  رات  تھی  تاروں  کا  اک  لشکر  لئے  ریل  کی  پٹری  پہ  سورج  چل  رہا  تھا  رات  کو
ابھی  ریل  کے  سفر  میں  ہیں  بہت  نہال  دونوں  کہیں  روگ  بن  نہ  جائے  یہی  ساتھ  دو  گھڑی  کا
کون  کتنا  ضبط  کر  سکتہ  ہے  کرب‌  ہجر  کو  ریل  جب  چلنے  لگے  گی  فیصلہ  ہو  جائے  گا
ریل  گاڑی  کے  سفر  میں  یہ  ہوا  ہے  اکثر  لوگ  بیٹھے  ہوئے  سامان  بدل  دیتے  ہیں
اس  طرح  ریل  کے  ہم  راہ  رواں  ہے  بادل  ساتھ  جیسے  کوئی  اڑتا  ہوا  مے  خانہ  چلے
دھویں  کی  ریل  چلی  منظروں  میں  دکھ  گونجا  سفر  کی  بات  بھی  ہے  بات  چھوڑ  جانے  کی
ریل  کی  پٹری  نے  اس  کے  ٹکڑے  ٹکڑے  کر  دیئے  آپ  اپنی  ذات  سے  اس  کو  بہت  انکار  تھا
دل  دھڑکنے  کا  سبب  یاد  آیا  وہ  تری  یاد  تھی  اب  یاد  آیا
نہ  جانے  کس  لیے  امیدوار  بیٹھا  ہوں  اک  ایسی  راہ  پہ  جو  تیری  رہ  گزر  بھی  نہیں
بھری  دنیا  میں  جی  نہیں  لگتا  جانے  کس  چیز  کی  کمی  ہے  ابھی
کل  کا  دن  ہائے  کل  کا  دن  اے  جونؔ  کاش  اس  رات  ہم  بھی  مر  جائیں
آج  تو  بے  سبب  اداس  ہے  جی  عشق  ہوتا  تو  کوئی  بات  بھی  تھی
میں  زندگی  کے  سبھی  غم  بھلائے  بیٹھا  ہوں  تمہارے  عشق  سے  کتنی  مجھے  سہولت  ہے
دفتر  سے  مل  نہیں  رہی  چھٹی  وگرنہ  میں  بارش  کی  ایک  بوند  نہ  بیکار  جانے  دوں
خدا  کو  مان  کہ  تجھ  لب  کے  چومنے  کے  سوا  کوئی  علاج  نہیں  آج  کی  اداسی  کا
بہت  مایوس  بیٹھا  ہوں  میں  تم  سے  کبھی  آ  کر  مجھے  حیرت  میں  ڈالو
دن  کو  دفتر  میں  اکیلا  شب  بھرے  گھر  میں  اکیلا  میں  کہ  عکس  منتشر  ایک  ایک  منظر  میں  اکیلا
ہمارے  دل  کو  اک  آزار  ہے  ایسا  نہیں  لگتا  کہ  ہم  دفتر  بھی  جاتے  ہیں  غزل  خوانی  بھی  کرتے  ہیں
یہ  کس  مقام  پہ  لائی  ہے  زندگی  ہم  کو  ہنسی  لبوں  پہ  ہے  سینے  میں  غم  کا  دفتر  ہے
آفس  میں  بھی  گھر  کو  کھلا  پاتا  ہوں  میں  ٹیبل  پر  سر  رکھ  کر  سو  جاتا  ہوں  میں
بات  نکلے  گی  تو  پھر  دور  تلک  جائے  گی  لوگ  بے  وجہ  اداسی  کا  سبب  پوچھیں  گے
کوئی  پوچھے  تو  سہی  ہم  سے  ہماری  روداد  ہم  تو  خود  شوق  میں  افسانہ  بنے  بیٹھے  ہیں
کتنی  وحشت  ہے  درمیان  ہجوم  جس  کو  دیکھو  گیا  ہوا  ہے  کہیں
دفتر  میں  ذہن  گھر  پہ  نگہ  راستے  میں  پاؤں  جینے  کی  کاوشوں  میں  بدن  ہاتھ  سے  گیا
ہوتی  ہے  تیرے  نام  سے  وحشت  کبھی  کبھی  برہم  ہوئی  ہے  یوں  بھی  طبیعت  کبھی  کبھی
میں  کس  سے  کرتا  یہاں  گفتگو  کوئی  بھی  نہ  تھا  نہیں  تھا  میرے  مقابل  جو  تو  کوئی  بھی  نہ  تھا
تھکا  ہارا  نکل  کر  گھر  سے  اپنے  وہ  پھر  آفس  میں  سونے  جا  چکا  ہے
نہ  جانے  کس  کی  ہمیں  عمر  بھر  تلاش  رہی  جسے  قریب  سے  دیکھا  وہ  دوسرا  نکلا
دیکھنے  والا  کوئی  ملے  تو  دل  کے  داغ  دکھاؤں  یہ  نگری  اندھوں  کی  نگری  کس  کو  کیا  سمجھاؤں
ہزار  طرح  کی  مے  پی  ہزار  طرح  کے  زہر  نہ  پیاس  ہی  بجھی  اپنی  نہ  حوصلہ  نکلا
سنا  رہا  ہوں  انہیں  جھوٹ  موٹ  اک  قصہ  کہ  ایک  شخص  محبت  میں  کامیاب  رہا
یوں  جی  بہل  گیا  ہے  تری  یاد  سے  مگر  تیرا  خیال  تیرے  برابر  نہ  ہو  سکا
تم  مجھے  چاہو  نہ  چاہو  لیکن  اتنا  تو  کرو  جھوٹ  ہی  کہہ  دو  کہ  جینے  کا  بہانہ  مل  سکے
یہ  تمنا  نہیں  اب  داد  ہنر  دے  کوئی  آ  کے  مجھ  کو  مرے  ہونے  کی  خبر  دے  کوئی
عارض  پہ  تیرے  میری  محبت  کی  سرخیاں  میری  جبیں  پہ  تیری  وفا  کا  غرور  ہے
ہنگامۂ  حیات  سے  جاں  بر  نہ  ہو  سکا  یہ  دل  عجیب  دل  ہے  کہ  پتھر  نہ  ہو  سکا
ہمیں  تو  راس  نہ  آئی  کسی  کی  محفل  بھی  کوئی  خدا  کوئی  ہم  سایۂ  خدا  نکلا
تمام  یادیں  مہک  رہی  ہیں  ہر  ایک  غنچہ  کھلا  ہوا  ہے  زمانہ  بیتا  مگر  گماں  ہے  کہ  آج  ہی  وہ  جدا  ہوا  ہے
ازل  سے  تھا  وہ  ہمارے  وجود  کا  حصہ  وہ  ایک  شخص  کہ  جو  ہم  پہ  مہربان  ہوا
یہ  اور  بات  کہ  ترک  وفا  پہ  مائل  ہیں  تری  وفا  کی  ہمیں  آج  بھی  ضرورت  ہے
میں  اپنے  گھر  کو  بلندی  پہ  چڑھ  کے  کیا  دیکھوں  عروج  فن  مری  دہلیز  پر  اتار  مجھے
ہمارے  بعد  اس  مرگ  جواں  کو  کون  سمجھے  گا  ارادہ  ہے  کہ  اپنا  مرثیہ  بھی  آپ  ہی  لکھ  لیں
ہم  پہ  جو  گزری  ہے  بس  اس  کو  رقم  کرتے  ہیں  آپ  بیتی  کہو  یا  مرثیہ  خوانی  کہہ  لو
آج  ڈوبا  ہوا  خوشبو  میں  ہے  پیراہن  جاں  اے  صبا  کس  نے  یہ  پوچھا  ہے  ترا  نام  و  نشاں
تیری  گلی  سے  چھٹ  کے  نہ  جائے  اماں  ملی  اب  کے  تو  میرا  گھر  بھی  مرا  گھر  نہ  ہو  سکا
زندگی  بھی  مرے  نالوں  کی  شناسا  نکلی  دل  جو  ٹوٹا  تو  مرے  گھر  میں  کوئی  شمع  جلی
ذرا  آ  کے  سامنے  بیٹھ  جا  مری  چشم  تر  کے  قریب  آ  مرے  آئنہ  میں  بھی  دیکھ  لے  کبھی  اپنی  زلف  کی  برہمی
پھیلتے  ہوئے  شہرو  اپنی  وحشتیں  روکو  میرے  گھر  کے  آنگن  پر  آسمان  رہنے  دو
میں  سامنے  ہوں  ابھی  گفتگو  کرو  مجھ  سے  کہ  بعد  میں  مری  تصویر  دیکھتے  رہنا
ہم  سے  کہا  گیا  تھا  کہ  رانی  بنیں  گی  آپ  یعنی  کہ  خود  کو  پہلے  ہی  راجا  کہا  گیا
چپکے  چپکے  عشق  کرنے  کا  کوئی  حاصل  نہیں  عشق  میں  منزل  ملا  کرتی  ہے  رسوائی  کے  بعد
تم  کو  چاہیں  بھی  اور  غیر  کے  ساتھ  بھی  دیکھیں  تم  کیا  جانو  عشق  کی  کیا  کیا  لاچاری  ہے
مان  لیتی  میں  کہا  اس  کا  مگر  وہ  گزارش  کر  رہا  ہے  ضد  نہیں
میں  بھول  جاؤں  تجھے  یا  میں  انتظار  کروں  تو  اپنے  جانے  سے  پہلے  مجھے  بتا  کر  جا
ہار  اس  کی  جیتنے  کا  شوق  میرا  لے  گئی  پھر  مجھے  ہارا  ہوا  ہر  مرحلہ  اچھا  لگا
کیسے  کر  لوں  یقین  میں  تیرا  قسموں  کا  کیا  ہے  سارے  کھاتے  ہیں
دیکھ  کر  ستاروں  کو  مجھ  کو  تو  یہ  لگتا  ہے  دور  آسمانوں  میں  سگریٹیں  سلگتی  ہیں
مسیحا  مان  بیٹھا  ہے  وہ  خود  کو  اسے  کچھ  زخم  کیا  دکھلا  دئے  ہیں
مجھ  میں  کیا  میرے  سوا  اور  بھی  رہتا  ہے  کوئی  میں  تو  سو  جاتی  ہوں  پھر  خواب  کسے  دکھتے  ہیں
دشت  آنکھوں  میں  تھا  آواز  میں  ویرانی  تھی  کھا  گیا  شہر  اسے  کہتے  ہیں  دیوانی  تھی
الجھے  الجھے  ریشم  کی  ڈور  سے  بندھے  رشتے  ہر  گھڑی  محبت  کا  امتحان  رہنے  دو
ہزاروں  کام  محبت  میں  ہیں  مزے  کے  داغؔ  جو  لوگ  کچھ  نہیں  کرتے  کمال  کرتے  ہیں
ملاتے  ہو  اسی  کو  خاک  میں  جو  دل  سے  ملتا  ہے  مری  جاں  چاہنے  والا  بڑی  مشکل  سے  ملتا  ہے
وفا  کریں  گے  نباہیں  گے  بات  مانیں  گے  تمہیں  بھی  یاد  ہے  کچھ  یہ  کلام  کس  کا  تھا
سب  لوگ  جدھر  وہ  ہیں  ادھر  دیکھ  رہے  ہیں  ہم  دیکھنے  والوں  کی  نظر  دیکھ  رہے  ہیں
ہمیں  ہے  شوق  کہ  بے  پردہ  تم  کو  دیکھیں  گے  تمہیں  ہے  شرم  تو  آنکھوں  پہ  ہاتھ  دھر  لینا
عاشقی  سے  ملے  گا  اے  زاہد  بندگی  سے  خدا  نہیں  ملتا
"شب  وصال  ہے  گل  کر  دو  ان  چراغوں  کو  خوشی  کی  بزم  میں  کیا  کام  جلنے  والوں  کا  شبِ  وصال  یعنی  محبوب  سے  ملاقات  کی  رات۔  گل  کرنا  یعنی  بجھا  دینا۔  اس  شعر  میں  شبِ  وصال  کی  مناسبت  سے  چراغ  اور  چراغ  کی  مناسبت  سے  گل  کرنا۔  اور  ’خوشی  کی  بزم  میں‘  کی  رعایت  سے  جلنے  والے  داغ  دہلوی  کی  مضمون  آفرینی  کی  عمدہ  مثال  ہے۔  شعر  میں  کئی  کردار  ہیں۔  ایک  شعری  کردار،  دوسرا  وہ(  ایک  یا  بہت  سے)  جن  سے  شعری  کردار  مخاطب  ہے۔  شعر  میں  جو  طنز  یہ  لہجہ  ہے  اس  نے  مجموعی  صورت  حال  کو  مزید  دلچسپ  بنا  دیا  ہے۔اور  جب  ’ان  چراغوں  کو‘  کہا  تو  گویا  کچھ  مخصوص  چراغوں  کی  طرف  اشارہ  کیا۔    	شعر  کے  قریب  کے  معنی  تو  یہ  ہیں  کہ  عاشق  و  معشوق  کے  ملن  کی  رات  ہے،  اس  لئے  چراغوں  کو  بجھا  دو  کیونکہ  ایسی  راتوں  میں  جلنے  والوں  کا  کام  نہیں۔  چراغ  بجھانے  کی  ایک  وجہ  یہ  بھی  ہوسکتی  تھی  کہ  ملن  کی  رات  میں  جو  بھی  ہو  وہ  پردے  میں  رہے  مگر  جب  یہ  کہا  کہ  جلنے  والوں  کا  کیا  کام  ہے  تو  شعر  کا  مفہوم  ہی  بدل  دیا۔  دراصل  جلنے  والے  استعارہ  ہیں  ان  لوگوں  کا  جو  شعری  کردار  اور  اس  کے  محبوب  کے  ملن  پر  جلتے  ہیں  اور  حسد  کرتے  ہیں۔  اسی  لئے  کہا  ہے  کہ  ان  حسد  کرنے  والوں  کو  اس  بزم  سے  اٹھا  دو۔  تشریح  شبِ  وصال  یعنی  محبوب  سے  ملاقات  کی  رات۔  گل  کرنا  یعنی  بجھا  دینا۔  اس  شعر  میں  شبِ  وصال  کی  مناسبت  سے  چراغ  اور  چراغ  کی  مناسبت  سے  گل  کرنا۔  اور  ’خوشی  کی  بزم  میں‘  کی  رعایت  سے  جلنے  والے  داغ  دہلوی  کی  مضمون  آفرینی  کی  عمدہ  مثال  ہے۔  شعر  میں  کئی  کردار  ہیں۔  ایک  شعری  کردار،  دوسرا  وہ(  ایک  یا  بہت  سے)  جن  سے  شعری  کردار  مخاطب  ہے۔  شعر  میں  جو  طنز  یہ  لہجہ  ہے  اس  نے  مجموعی  صورت  حال  کو  مزید  دلچسپ  بنا  دیا  ہے۔اور  جب  ’ان  چراغوں  کو‘  کہا  تو  گویا  کچھ  مخصوص  چراغوں  کی  طرف  اشارہ  کیا۔    	شعر  کے  قریب  کے  معنی  تو  یہ  ہیں  کہ  عاشق  و  معشوق  کے  ملن  کی  رات  ہے،  اس  لئے  چراغوں  کو  بجھا  دو  کیونکہ  ایسی  راتوں  میں  جلنے  والوں  کا  کام  نہیں۔  چراغ  بجھانے  کی  ایک  وجہ  یہ  بھی  ہوسکتی  تھی  کہ  ملن  کی  رات  میں  جو  بھی  ہو  وہ  پردے  میں  رہے  مگر  جب  یہ  کہا  کہ  جلنے  والوں  کا  کیا  کام  ہے  تو  شعر  کا  مفہوم  ہی  بدل  دیا۔  دراصل  جلنے  والے  استعارہ  ہیں  ان  لوگوں  کا  جو  شعری  کردار  اور  اس  کے  محبوب  کے  ملن  پر  جلتے  ہیں  اور  حسد  کرتے  ہیں۔  اسی  لئے  کہا  ہے  کہ  ان  حسد  کرنے  والوں  کو  اس  بزم  سے  اٹھا  دو۔  شفق سوپوری 
                                      شبِ  وصال  یعنی  محبوب  سے  ملاقات  کی  رات۔  گل  کرنا  یعنی  بجھا  دینا۔  اس  شعر  میں  شبِ  وصال  کی  مناسبت  سے  چراغ  اور  چراغ  کی  مناسبت  سے  گل  کرنا۔  اور  ’خوشی  کی  بزم  میں‘  کی  رعایت  سے  جلنے  والے  داغ  دہلوی  کی  مضمون  آفرینی  کی  عمدہ  مثال  ہے۔  شعر  میں  کئی  کردار  ہیں۔  ایک  شعری  کردار،  دوسرا  وہ(  ایک  یا  بہت  سے)  جن  سے  شعری  کردار  مخاطب  ہے۔  شعر  میں  جو  طنز  یہ  لہجہ  ہے  اس  نے  مجموعی  صورت  حال  کو  مزید  دلچسپ  بنا  دیا  ہے۔اور  جب  ’ان  چراغوں  کو‘  کہا  تو  گویا  کچھ  مخصوص  چراغوں  کی  طرف  اشارہ  کیا۔    	شعر  کے  قریب  کے  معنی  تو  یہ  ہیں  کہ  عاشق  و  معشوق  کے  ملن  کی  رات  ہے،  اس  لئے  چراغوں  کو  بجھا  دو  کیونکہ  ایسی  راتوں  میں  جلنے  والوں  کا  کام  نہیں۔  چراغ  بجھانے  کی  ایک  وجہ  یہ  بھی  ہوسکتی  تھی  کہ  ملن  کی  رات  میں  جو  بھی  ہو  وہ  پردے  میں  رہے  مگر  جب  یہ  کہا  کہ  جلنے  والوں  کا  کیا  کام  ہے  تو  شعر  کا  مفہوم  ہی  بدل  دیا۔  دراصل  جلنے  والے  استعارہ  ہیں  ان  لوگوں  کا  جو  شعری  کردار  اور  اس  کے  محبوب  کے  ملن  پر  جلتے  ہیں  اور  حسد  کرتے  ہیں۔  اسی  لئے  کہا  ہے  کہ  ان  حسد  کرنے  والوں  کو  اس  بزم  سے  اٹھا  دو۔  تشریح  شبِ  وصال  یعنی  محبوب  سے  ملاقات  کی  رات۔  گل  کرنا  یعنی  بجھا  دینا۔  اس  شعر  میں  شبِ  وصال  کی  مناسبت  سے  چراغ  اور  چراغ  کی  مناسبت  سے  گل  کرنا۔  اور  ’خوشی  کی  بزم  میں‘  کی  رعایت  سے  جلنے  والے  داغ  دہلوی  کی  مضمون  آفرینی  کی  عمدہ  مثال  ہے۔  شعر  میں  کئی  کردار  ہیں۔  ایک  شعری  کردار،  دوسرا  وہ(  ایک  یا  بہت  سے)  جن  سے  شعری  کردار  مخاطب  ہے۔  شعر  میں  جو  طنز  یہ  لہجہ  ہے  اس  نے  مجموعی  صورت  حال  کو  مزید  دلچسپ  بنا  دیا  ہے۔اور  جب  ’ان  چراغوں  کو‘  کہا  تو  گویا  کچھ  مخصوص  چراغوں  کی  طرف  اشارہ  کیا۔    	شعر  کے  قریب  کے  معنی  تو  یہ  ہیں  کہ  عاشق  و  معشوق  کے  ملن  کی  رات  ہے،  اس  لئے  چراغوں  کو  بجھا  دو  کیونکہ  ایسی  راتوں  میں  جلنے  والوں  کا  کام  نہیں۔  چراغ  بجھانے  کی  ایک  وجہ  یہ  بھی  ہوسکتی  تھی  کہ  ملن  کی  رات  میں  جو  بھی  ہو  وہ  پردے  میں  رہے  مگر  جب  یہ  کہا  کہ  جلنے  والوں  کا  کیا  کام  ہے  تو  شعر  کا  مفہوم  ہی  بدل  دیا۔  دراصل  جلنے  والے  استعارہ  ہیں  ان  لوگوں  کا  جو  شعری  کردار  اور  اس  کے  محبوب  کے  ملن  پر  جلتے  ہیں  اور  حسد  کرتے  ہیں۔  اسی  لئے  کہا  ہے  کہ  ان  حسد  کرنے  والوں  کو  اس  بزم  سے  اٹھا  دو۔  شفق سوپوری"
غضب  کیا  ترے  وعدے  پہ  اعتبار  کیا  تمام  رات  قیامت  کا  انتظار  کیا
لپٹ  جاتے  ہیں  وہ  بجلی  کے  ڈر  سے  الٰہی  یہ  گھٹا  دو  دن  تو  برسے
خوب  پردہ  ہے  کہ  چلمن  سے  لگے  بیٹھے  ہیں  صاف  چھپتے  بھی  نہیں  سامنے  آتے  بھی  نہیں
دی  شب  وصل  موذن  نے  اذاں  پچھلی  رات  ہائے  کم  بخت  کو  کس  وقت  خدا  یاد  آیا
اردو  ہے  جس  کا  نام  ہمیں  جانتے  ہیں  داغؔ  ہندوستاں  میں  دھوم  ہماری  زباں  کی  ہے
جس  میں  لاکھوں  برس  کی  حوریں  ہوں  ایسی  جنت  کو  کیا  کرے  کوئی
چپ  چاپ  سنتی  رہتی  ہے  پہروں  شب  فراق  تصویر  یار  کو  ہے  مری  گفتگو  پسند
دل  لے  کے  مفت  کہتے  ہیں  کچھ  کام  کا  نہیں  الٹی  شکایتیں  ہوئیں  احسان  تو  گیا
رہا  نہ  دل  میں  وہ  بے  درد  اور  درد  رہا  مقیم  کون  ہوا  ہے  مقام  کس  کا  تھا
یوں  بھی  ہزاروں  لاکھوں  میں  تم  انتخاب  ہو  پورا  کرو  سوال  تو  پھر  لا  جواب  ہو
رخ  روشن  کے  آگے  شمع  رکھ  کر  وہ  یہ  کہتے  ہیں  ادھر  جاتا  ہے  دیکھیں  یا  ادھر  پروانہ  آتا  ہے
فلک  دیتا  ہے  جن  کو  عیش  ان  کو  غم  بھی  ہوتے  ہیں  جہاں  بجتے  ہیں  نقارے  وہاں  ماتم  بھی  ہوتا  ہے
کچھ  نہ  کچھ  بولتے  رہو  ہم  سے  چپ  رہو  گے  تو  لوگ  سن  لیں  گے
لگتا  ہے  کہیں  پیار  میں  تھوڑی  سی  کمی  تھی  اور  پیار  میں  تھوڑی  سی  کمی  کم  نہیں  ہوتی
جس  کو  ہر  وقت  دیکھتا  ہوں  میں  اس  کو  بس  ایک  بار  دیکھا  ہے
بجھی  بجھی  سی  یہ  باتیں  دھواں  دھواں  لہجہ  کسی  عذاب  میں  اندر  سے  جل  رہے  ہو  کیا
اسی  خطا  پہ  بجھائے  گئے  چراغ  مرے  میں  جانتا  تھا  بہت  کچھ  ہوا  کے  بارے  میں
سوال  تھا  کہ  جستجو  عظیم  ہے  کہ  آرزو  سو  یوں  ہوا  کہ  عمر  بھر  جواب  لکھ  رہے  تھے  ہم
تیرے  رونے  کی  خبر  رکھتی  ہیں  آنکھیں  میری  تیرا  آنسو  مرے  رومال  میں  آ  جاتا  ہے
مجھے  شراب  پلائی  گئی  ہے  آنکھوں  سے  مرا  نشہ  تو  ہزاروں  برس  میں  اترے  گا
پہلے  ڈالی  ترے  چہرے  پہ  بہت  دیر  نظر  عید  کا  چاند  تو  پھر  بعد  میں  دیکھا  میں  نے
زندگی  سے  محبت  کرو  ٹوٹ  کر  موت  کا  کام  دشوار  کرتے  رہو
جس  صدی  میں  وفا  کا  چلن  ہی  نہیں  ہم  بنائے  گئے  اس  صدی  کے  لئے
دیوانگی  کا  سبب  پوچھا  جا  رہا  تھا  مری  میں  چپ  تھا  اور  ہجوم  اس  کا  نام  لے  رہا  تھا
آسماں  کی  نظر  سے  بچتے  ہوئے  اک  ستارہ  اٹھا  لیا  میں  نے
اس  وقت  کے  صدموں  نے  مجھے  چاٹ  لیا  ہے  جو  وقت  ابھی  میں  نے  گزارا  بھی  نہیں  تھا
ہمیں  بھی  وقت  کے  طوفان  مل  کر  کھا  گئے  آخر  ہر  اک  کشتی  کو  مل  جاتا  ہے  ساحل  ہم  بھی  کہتے  تھے
وقت  ہوتا  ہے  بے  وفا  یارو  آدمی  بے  وفا  نہیں  ہوتا
اداسی  اکیلے  میں  ڈر  جائے  گی  گھڑی  دو  گھڑی  کو  خوشی  بھیج  دے
خاموش  تم  تھے  اور  مرے  ہونٹ  بھی  تھے  بند  پھر  اتنی  دیر  کون  تھا  جو  بولتا  رہا
تم  اس  کے  پاس  ہو  جس  کو  تمہاری  چاہ  نہ  تھی  کہاں  پہ  پیاس  تھی  دریا  کہاں  بنایا  گیا
میرے  علاوہ  اسے  خود  سے  بھی  محبت  ہے  اور  ایسا  کرنے  سے  وہ  بے  وفا  نہیں  ہوتی
وہ  صاف  گو  ہے  مگر  بات  کا  ہنر  سیکھے  بدن  حسیں  ہے  تو  کیا  بے  لباس  آئے  گا
دکھاوا  ہی  کرنا  ہے  تو  پھر  بڑا  کر  تو  شاعر  نہیں  خود  کو  عاشق  کہا  کر
آئیے  پاس  بیٹھیے  میرے  مل  کے  کچھ  فاصلے  بناتے  ہیں
تمہارے  خط  میں  نظر  آئی  اتنی  خاموشی  کہ  مجھ  کو  رکھنے  پڑے  اپنے  کان  کاغذ  پر
انھوں  نے  اپنے  مطابق  سزا  سنا  دی  ہے  ہمیں  سزا  کے  مطابق  بیان  دینا  ہے
صرف  شکوے  دکھ  رہے  ہیں  یہ  نہیں  دکھتا  تجھے  تجھ  سے  شکوے  رکھنے  والا  تیرا  دیوانہ  بھی  ہے
میری  تو  جان  ہی  نکل  گئی  جب  دوست  کہہ  کر  مجھے  پکارا  گیا
غموں  سے  بیر  تھا  سو  ہم  نے  خود  کشی  کر  لی  شجر  گرا  کے  پرندوں  سے  انتقام  لیا
بے  فکر  رہو  یارو  میں  آج  بھی  ہوں  برباد  دن  پھر  گئے  ہیں  میرے  افواہ  اڑی  ہوگی
سچ  نہیں  ہے  اناج  کی  قلت  یار  فاقے  یہاں  ضمیر  کے  ہیں
وہ  خوش  ہوا  کہ  اس  کو  خسارا  نہیں  ہوا  میں  رو  رہا  تھا  میرا  سہارا  چلا  گیا
اب  کے  ملی  شکست  مری  اور  سے  مجھے  جتوا  دیا  گیا  کسی  کمزور  سے  مجھے
میں  ابھی  ہنستا  اٹھوں  اور  چہکنے  لگ  جاؤں  پر  یہ  مشکل  ہے  مرا  یار  نہیں  مان  رہا
کوزہ  جیسے  کہ  چھلک  جائے  ہے  بھر  جانے  پر  کوئی  آنسو  ہی  بہا  دے  مرے  مر  جانے  پر
بے  ستوں  اک  نواحی  میں  ہے  شہر  دل  کی  تیشہ  انعام  کریں  اور  کوئی  فرہاد  رکھیں
تیرا  خیال  خواب  خواب  خلوت  جاں  کی  آب  و  تاب  جسم  جمیل  و  نوجواں  شام  بخیر  شب  بخیر
لمحہ  بہ  لمحہ  دم  بہ  دم  آن  بہ  آن  رم  بہ  رم  میں  بھی  گزشتگاں  میں  ہوں  تو  بھی  گزشتگاں  میں  ہے
ایک  سرود  روشنی  نیمۂ  شب  کا  خواب  تھا  ایک  خموش  تیرگی  سانحہ  آشنا  بھی  تھی
خیرہ  سران  شوق  کا  کوئی  نہیں  ہے  جنبہ  دار  شہر  میں  اس  گروہ  نے  کس  کو  خفا  نہیں  کیا
حسن  سے  عرض  شوق  نہ  کرنا  حسن  کو  زک  پہنچانا  ہے  ہم  نے  عرض  شوق  نہ  کر  کے  حسن  کو  زک  پہنچائی  ہے
وہ  منکر  ہے  تو  پھر  شاید  ہر  اک  مکتوب  شوق  اس  نے  سر  انگشت  حنائی  سے  خلاؤں  میں  لکھا  ہوگا
ہے  یہ  وجود  کی  نمود  اپنی  نفس  نفس  گریز  وقت  کی  ساری  بستیاں،  اپنی  ہزیمتوں  میں  ہیں
اس  کی  چشم  نیم  وا  سے  پوچھیو  وہ  ترے  مژگاں  شماراں  کیا  ہوئے
طفلان  کوچہ  گرد  کے  پتھر  بھی  کچھ  نہیں  سودا  بھی  ایک  وہم  ہے  اور  سر  بھی  کچھ  نہیں
مرے  حریف  مری  یکہ  تازیوں  پہ  نثار  تمام  عمر  حلیفوں  سے  جنگ  کی  میں  نے
جونؔ  جنوب  زرد  کے  خاک  بسر  یہ  دکھ  اٹھا  موج  شمال  سبز  جاں  آئی  تھی  اور  چلی  گئی
ہم  نفسان  وضع  دار  مستمعان  برد  بار  ہم  تو  تمہارے  واسطے  ایک  وبال  ہو  گئے
اے  طراحدار  عشوہ  طراز  دیار  ناز  رخصت  ہوا  ہوں  تیرے  لیے  دل  گلی  سے  میں
آج  لب  گہر  فشاں  آپ  نے  وا  نہیں  کیا  تذکرۂ  خجستۂ  آب  و  ہوا  نہیں  کیا
پاس  حیات  کا  خیال  ہم  کو  بہت  برا  لگا  پس  بہ  ہجوم  معرکہ  جان  کے  بے  سپر  گئے
وہ  جو  تھے  شہر  تحیر  ترے  پر  فن  معمار  وہی  پر  فن  تجھے  ڈھانے  کے  لیے  نکلے  ہیں
معنئ  جاودان  جاں  کچھ  بھی  نہیں  مگر  زیاں  سارے  کلیم  ہیں  زبوں  سارا  کلام  رنج  ہے
صد  یاد  یاد  جونؔ  وہ  ہنگام  دل  کہ  جب  ہم  ایک  گام  کے  نہ  تھے  پر  ہفت  خواں  کے  تھے
وہ  ہجوم  دل  زدگاں  کہ  تھا  تجھے  مژدہ  ہو  کہ  بکھر  گیا  ترے  آستانے  کی  خیر  ہو  سر  رہ  غبار  بھی  اب  نہیں
تیری  آنکھوں  کا  کچھ  قصور  نہیں  ہاں  مجھی  کو  خراب  ہونا  تھا
ترے  جمال  کی  تصویر  کھینچ  دوں  لیکن  زباں  میں  آنکھ  نہیں  آنکھ  میں  زبان  نہیں
اس  نے  اپنا  بنا  کے  چھوڑ  دیا  کیا  اسیری  ہے  کیا  رہائی  ہے
میری  نگاہ  شوق  بھی  کچھ  کم  نہیں  مگر  پھر  بھی  ترا  شباب  ترا  ہی  شباب  ہے
آباد  اگر  نہ  دل  ہو  تو  برباد  کیجیے  گلشن  نہ  بن  سکے  تو  بیاباں  بنائیے
سنا  ہے  حشر  میں  ہر  آنکھ  اسے  بے  پردہ  دیکھے  گی  مجھے  ڈر  ہے  نہ  توہین  جمال  یار  ہو  جائے
کبھی  ان  مد  بھری  آنکھوں  سے  پیا  تھا  اک  جام  آج  تک  ہوش  نہیں  ہوش  نہیں  ہوش  نہیں
وہ  چیز  کہتے  ہیں  فردوس  گم  شدہ  جس  کو  کبھی  کبھی  تری  آنکھوں  میں  پائی  جاتی  ہے
کچھ  اس  ادا  سے  آج  وہ  پہلو  نشیں  رہے  جب  تک  ہمارے  پاس  رہے  ہم  نہیں  رہے
محبت  میں  ہم  تو  جیے  ہیں  جییں  گے  وہ  ہوں  گے  کوئی  اور  مر  جانے  والے
کوچۂ  عشق  میں  نکل  آیا  جس  کو  خانہ  خراب  ہونا  تھا
میں  جہاں  ہوں  ترے  خیال  میں  ہوں  تو  جہاں  ہے  مری  نگاہ  میں  ہے
لاکھوں  میں  انتخاب  کے  قابل  بنا  دیا  جس  دل  کو  تم  نے  دیکھ  لیا  دل  بنا  دیا
وہ  تھے  نہ  مجھ  سے  دور  نہ  میں  ان  سے  دور  تھا  آتا  نہ  تھا  نظر  تو  نظر  کا  قصور  تھا
لبوں  پہ  موج  تبسم  نگہ  میں  برق  غضب  کوئی  بتائے  یہ  انداز  برہمی  کیا  ہے
پی  رہا  ہوں  آنکھوں  آنکھوں  میں  شراب  اب  نہ  شیشہ  ہے  نہ  کوئی  جام  ہے
آنکھوں  میں  نور  جسم  میں  بن  کر  وہ  جاں  رہے  یعنی  ہمیں  میں  رہ  کے  وہ  ہم  سے  نہاں  رہے
کیا  خبر  تھی  خلش  ناز  نہ  جینے  دے  گی  یہ  تری  پیار  کی  آواز  نہ  جینے  دے  گی
نگاہ  یاس  مری  کام  کر  گئی  اپنا  رلا  کے  اٹھے  تھے  وہ  مسکرا  کے  بیٹھ  گئے
نشۂ  حسن  کو  اس  طرح  اترتے  دیکھا  عیب  پر  اپنے  کوئی  جیسے  پشیماں  ہو  جائے
بڑے  عذاب  میں  ہوں  مجھ  کو  جان  بھی  ہے  عزیز  ستم  کو  دیکھ  کے  چپ  بھی  رہا  نہیں  جاتا
زخم  لگا  کر  اس  کا  بھی  کچھ  ہاتھ  کھلا  میں  بھی  دھوکا  کھا  کر  کچھ  چالاک  ہوا
دل  ہے  کہ  تری  یاد  سے  خالی  نہیں  رہتا  شاید  ہی  کبھی  میں  نے  تجھے  یاد  کیا  ہو
مری  جگہ  کوئی  آئینہ  رکھ  لیا  ہوتا  نہ  جانے  تیرے  تماشے  میں  میرا  کام  ہے  کیا
ادھوری  چھوڑ  کے  تصویر  مر  گیا  وہ  زیبؔ  کوئی  بھی  رنگ  میسر  نہ  تھا  لہو  کے  سوا
دل  کو  سنبھالے  ہنستا  بولتا  رہتا  ہوں  لیکن  سچ  پوچھو  تو  زیبؔ  طبیعت  ٹھیک  نہیں  ہوتی
گھسیٹتے  ہوئے  خود  کو  پھرو  گے  زیبؔ  کہاں  چلو  کہ  خاک  کو  دے  آئیں  یہ  بدن  اس  کا
جاگ  کے  میرے  ساتھ  سمندر  راتیں  کرتا  ہے  جب  سب  لوگ  چلے  جائیں  تو  باتیں  کرتا  ہے
یہ  کم  ہے  کیا  کہ  مرے  پاس  بیٹھا  رہتا  ہے  وہ  جب  تلک  مرے  دل  کو  دکھا  نہیں  جاتا
کچھ  دور  تک  تو  چمکی  تھی  میرے  لہو  کی  دھار  پھر  رات  اپنے  ساتھ  بہا  لے  گئی  مجھے
میں  لاکھ  اسے  تازہ  رکھوں  دل  کے  لہو  سے  لیکن  تری  تصویر  خیالی  ہی  رہے  گی
میں  تو  چاک  پہ  کوزہ  گر  کے  ہاتھ  کی  مٹی  ہوں  اب  یہ  مٹی  دیکھ  کھلونا  کیسے  بنتی  ہے
تلاش  ایک  بہانہ  تھا  خاک  اڑانے  کا  پتہ  چلا  کہ  ہمیں  جستجوئے  یار  نہ  تھی
ایک  کرن  بس  روشنیوں  میں  شریک  نہیں  ہوتی  دل  کے  بجھنے  سے  دنیا  تاریک  نہیں  ہوتی
یہ  ڈوبتی  ہوئی  کیا  شے  ہے  تیری  آنکھوں  میں  ترے  لبوں  پہ  جو  روشن  ہے  اس  کا  نام  ہے  کیا
کھلی  چھتوں  سے  چاندنی  راتیں  کترا  جائیں  گی  کچھ  ہم  بھی  تنہائی  کے  عادی  ہو  جائیں  گے
الٹ  رہی  تھیں  ہوائیں  ورق  ورق  اس  کا  لکھی  گئی  تھی  جو  مٹی  پہ  وہ  کتاب  تھا  وہ
نہ  جانے  کیا  ہے  کہ  جب  بھی  میں  اس  کو  دیکھتا  ہوں  تو  کوئی  اور  مرے  رو  بہ  رو  نکلتا  ہے
دھو  کے  تو  میرا  لہو  اپنے  ہنر  کو  نہ  چھپا  کہ  یہ  سرخی  تری  شمشیر  کا  جوہر  ہی  تو  ہے
دیکھ  کبھی  آ  کر  یہ  لا  محدود  فضا  تو  بھی  میری  تنہائی  میں  شامل  ہو
ایک  جھونکا  ہوا  کا  آیا  زیبؔ  اور  پھر  میں  غبار  بھی  نہ  رہا
میرے  ٹوٹے  حوصلے  کے  پر  نکلتے  دیکھ  کر  اس  نے  دیواروں  کو  اپنی  اور  اونچا  کر  دیا
کس  طرح  جمع  کیجئے  اب  اپنے  آپ  کو  کاغذ  بکھر  رہے  ہیں  پرانی  کتاب  کے
وہ  کون  تھا  جو  دن  کے  اجالے  میں  کھو  گیا  یہ  چاند  کس  کو  ڈھونڈنے  نکلا  ہے  شام  سے
کوئی  خودکشی  کی  طرف  چل  دیا  اداسی  کی  محنت  ٹھکانے  لگی
جو  چپ  چاپ  رہتی  تھی  دیوار  پر  وہ  تصویر  باتیں  بنانے  لگی
جیتا  ہے  صرف  تیرے  لیے  کون  مر  کے  دیکھ  اک  روز  میری  جان  یہ  حرکت  بھی  کر  کے  دیکھ
کب  تک  پڑے  رہوگے  ہواؤں  کے  ہاتھ  میں  کب  تک  چلے  گا  کھوکھلے  شبدوں  کا  کاروبار
دریا  کے  کنارے  پہ  مری  لاش  پڑی  تھی  اور  پانی  کی  تہہ  میں  وہ  مجھے  ڈھونڈ  رہا  تھا
مجھے  پسند  نہیں  ایسے  کاروبار  میں  ہوں  یہ  جبر  ہے  کہ  میں  خود  اپنے  اختیار  میں  ہوں
نیند  بھی  جاگتی  رہی  پورے  ہوئے  نہ  خواب  بھی  صبح  ہوئی  زمین  پر  رات  ڈھلی  مزار  میں
سوئے  تو  دل  میں  ایک  جہاں  جاگنے  لگا  جاگے  تو  اپنی  آنکھ  میں  جالے  تھے  خواب  کے
کبھی  خاک  والوں  کی  باتیں  بھی  سن  کبھی  آسمانوں  سے  نیچے  اتر
اللہ  جانے  کس  پہ  اکڑتا  تھا  رات  دن  کچھ  بھی  نہیں  تھا  پھر  بھی  بڑا  بد  زبان  تھا
کب  سے  ٹہل  رہے  ہیں  گریبان  کھول  کر  خالی  گھٹا  کو  کیا  کریں  برسات  بھی  تو  ہو
حمام  کے  آئینے  میں  شب  ڈوب  رہی  تھی  سگریٹ  سے  نئے  دن  کا  دھواں  پھیل  رہا  تھا
بسمل  کے  تڑپنے  کی  اداؤں  میں  نشہ  تھا  میں  ہاتھ  میں  تلوار  لیے  جھوم  رہا  تھا
ہر  آنکھ  میں  تھی  ٹوٹتے  لمحوں  کی  تشنگی  ہر  جسم  پہ  تھا  وقت  کا  سایہ  پڑا  ہوا
نہ  کوئی  روک  سکا  خواب  کے  سفیروں  کو  اداس  کر  گئے  نیندوں  کے  راہگیروں  کو
جانے  کس  کو  ڈھونڈنے  داخل  ہوا  ہے  جسم  میں  ہڈیوں  میں  راستہ  کرتا  ہوا  پیلا  بخار
لہو  میں  اترتی  رہی  چاندنی  بدن  رات  کا  کتنا  ٹھنڈا  لگا
پھر  کوئی  وسعت  آفاق  پہ  سایہ  ڈالے  پھر  کسی  آنکھ  کے  نقطے  میں  اتارا  جاؤں
پوچھا  جو  ان  سے  چاند  نکلتا  ہے  کس  طرح  زلفوں  کو  رخ  پہ  ڈال  کے  جھٹکا  دیا  کہ  یوں
عید  کا  چاند  تم  نے  دیکھ  لیا  چاند  کی  عید  ہو  گئی  ہوگی
وہ  چاند  کہہ  کے  گیا  تھا  کہ  آج  نکلے  گا  تو  انتظار  میں  بیٹھا  ہوا  ہوں  شام  سے  میں
جس  طرف  تو  ہے  ادھر  ہوں  گی  سبھی  کی  نظریں  عید  کے  چاند  کا  دیدار  بہانہ  ہی  سہی
دیکھا  ہلال  عید  تو  آیا  تیرا  خیال  وہ  آسماں  کا  چاند  ہے  تو  میرا  چاند  ہے
مجھ  کو  معلوم  ہے  محبوب  پرستی  کا  عذاب  دیر  سے  چاند  نکلنا  بھی  غلط  لگتا  ہے
اے  کاش  ہماری  قسمت  میں  ایسی  بھی  کوئی  شام  آ  جائے  اک  چاند  فلک  پر  نکلا  ہو  اک  چاند  سر  بام  آ  جائے
ماہ  نو  دیکھنے  تم  چھت  پہ  نہ  جانا  ہرگز  شہر  میں  عید  کی  تاریخ  بدل  جائے  گی
لطف  شب  مہ  اے  دل  اس  دم  مجھے  حاصل  ہو  اک  چاند  بغل  میں  ہو  اک  چاند  مقابل  ہو
عید  کے  بعد  وہ  ملنے  کے  لیے  آئے  ہیں  عید  کا  چاند  نظر  آنے  لگا  عید  کے  بعد
دیکھا  ہلال  عید  تو  تم  یاد  آ  گئے  اس  محویت  میں  عید  ہماری  گزر  گئی
تو  آئے  تو  مجھ  کو  بھی  عید  کا  چاند  دکھائی  دے
مدتوں  بعد  کبھی  اے  نظر  آنے  والے  عید  کا  چاند  نہ  دیکھا  تری  صورت  دیکھی
تو  نہ  آئے  گا  تو  ہو  جائیں  گی  خوشیاں  سب  خاک  عید  کا  چاند  بھی  خالی  کا  مہینہ  ہوگا
شام  کے  سائے  بالشتوں  سے  ناپے  ہیں  چاند  نے  کتنی  دیر  لگا  دی  آنے  میں
میری  تو  پور  پور  میں  خوشبو  سی  بس  گئی  اس  پر  ترا  خیال  ہے  اور  چاند  رات  ہے
کیوں  اشارہ  ہے  افق  پر  آج  کس  کی  دید  ہے  الوداع  ماہ  رمضاں  وہ  ہلال  عید  ہے
چھپ  گیا  عید  کا  چاند  نکل  کر  دیر  ہوئی  پر  جانے  کیوں  نظریں  اب  تک  ٹکی  ہوئی  ہیں  مسجد  کے  میناروں  پر
نکلے  ہیں  گھر  سے  دیکھنے  کو  لوگ  ماہ  عید  اور  دیکھتے  ہیں  ابروئے  خم  دار  کی  طرف
اسی  کی  شکل  مجھے  چاند  میں  نظر  آئے  وہ  ماہ  رخ  جو  لب  بام  بھی  نہیں  آتا
چھیڑا  ہے  ایک  نغمۂ  شیریں  بھی  کو  بہ  کو  دل  نے  ہلال  عید  کی  تائید  کے  لئے
چاند  نکلا  ہے  بہ  انداز  دگر  آج  کی  شام  بارش  نور  ہے  تا  حد  نظر  آج  کی  شام
ایک  مدت  سے  تری  یاد  بھی  آئی  نہ  ہمیں  اور  ہم  بھول  گئے  ہوں  تجھے  ایسا  بھی  نہیں
بہت  پہلے  سے  ان  قدموں  کی  آہٹ  جان  لیتے  ہیں  تجھے  اے  زندگی  ہم  دور  سے  پہچان  لیتے  ہیں
کوئی  سمجھے  تو  ایک  بات  کہوں  عشق  توفیق  ہے  گناہ  نہیں
تم  مخاطب  بھی  ہو  قریب  بھی  ہو  تم  کو  دیکھیں  کہ  تم  سے  بات  کریں
ہم  سے  کیا  ہو  سکا  محبت  میں  خیر  تم  نے  تو  بے  وفائی  کی
غرض  کہ  کاٹ  دیے  زندگی  کے  دن  اے  دوست  وہ  تیری  یاد  میں  ہوں  یا  تجھے  بھلانے  میں
شام  بھی  تھی  دھواں  دھواں  حسن  بھی  تھا  اداس  اداس  دل  کو  کئی  کہانیاں  یاد  سی  آ  کے  رہ  گئیں
آئے  تھے  ہنستے  کھیلتے  مے  خانے  میں  فراقؔ  جب  پی  چکے  شراب  تو  سنجیدہ  ہو  گئے
اب  تو  ان  کی  یاد  بھی  آتی  نہیں  کتنی  تنہا  ہو  گئیں  تنہائیاں
رات  بھی  نیند  بھی  کہانی  بھی  ہائے  کیا  چیز  ہے  جوانی  بھی
اک  عمر  کٹ  گئی  ہے  ترے  انتظار  میں  ایسے  بھی  ہیں  کہ  کٹ  نہ  سکی  جن  سے  ایک  رات
سنتے  ہیں  عشق  نام  کے  گزرے  ہیں  اک  بزرگ  ہم  لوگ  بھی  فقیر  اسی  سلسلے  کے  ہیں
ذرا  وصال  کے  بعد  آئنہ  تو  دیکھ  اے  دوست  ترے  جمال  کی  دوشیزگی  نکھر  آئی
کون  یہ  لے  رہا  ہے  انگڑائی  آسمانوں  کو  نیند  آتی  ہے
لائی  نہ  ایسوں  ویسوں  کو  خاطر  میں  آج  تک  اونچی  ہے  کس  قدر  تری  نیچی  نگاہ  بھی
ضبط  کیجے  تو  دل  ہے  انگارا  اور  اگر  روئیے  تو  پانی  ہے
اسی  کھنڈر  میں  کہیں  کچھ  دیے  ہیں  ٹوٹے  ہوئے  انہیں  سے  کام  چلاؤ  بڑی  اداس  ہے  رات
کمی  نہ  کی  ترے  وحشی  نے  خاک  اڑانے  میں  جنوں  کا  نام  اچھلتا  رہا  زمانے  میں
تجھے  کون  جانتا  تھا  مری  دوستی  سے  پہلے  ترا  حسن  کچھ  نہیں  تھا  مری  شاعری  سے  پہلے
میں  سخن  میں  ہوں  اس  جگہ  کہ  جہاں  سانس  لینا  بھی  شاعری  ہے  مجھے
سنا  ہے  اس  کو  بھی  ہے  شعر  و  شاعری  سے  شغف  سو  ہم  بھی  معجزے  اپنے  ہنر  کے  دیکھتے  ہیں
جو  دکھ  رہا  اسی  کے  اندر  جو  ان  دکھا  ہے  وہ  شاعری  ہے  جو  کہہ  سکا  تھا  وہ  کہہ  چکا  ہوں  جو  رہ  گیا  ہے  وہ  شاعری  ہے
بکھری  زلفوں  نے  سکھائی  موسموں  کو  شاعری  جھکتی  آنکھوں  نے  بتایا  مے  کشی  کیا  چیز  ہے
یہ  شاعری  یہ  کتابیں  یہ  آیتیں  دل  کی  نشانیاں  یہ  سبھی  تجھ  پہ  وارنا  ہوں  گی
شعر  سے  شاعری  سے  ڈرتے  ہیں  کم  نظر  روشنی  سے  ڈرتے  ہیں
شاعری  ہے  سرمایا  خوش  نصیب  لوگوں  کا  بانس  کی  ہر  اک  ٹہنی  بانسری  نہیں  ہوتی
شاعری  کو  مرا  اظہار  سمجھتا  ہے  مگر  پردۂ  شعر  اٹھانا  بھی  نہیں  چاہتا  ہے
دنیا  نے  زر  کے  واسطے  کیا  کچھ  نہیں  کیا  اور  ہم  نے  شاعری  کے  سوا  کچھ  نہیں  کیا
یہی  ہم  نوا  یہی  ہم  سخن  یہی  ہم  نشاں  یہی  ہم  وطن  مری  شاعری  ہی  بتائے  گی  مرا  نام  کیا  ہے  پتا  ہے  کیا؟
شاعری  تازہ  زمانوں  کی  ہے  معمار  فرازؔ  یہ  بھی  اک  سلسلۂ  کن  فیکوں  ہے  یوں  ہے
میں  نے  تو  تصور  میں  اور  عکس  دیکھا  تھا  فکر  مختلف  کیوں  ہے  شاعری  کے  پیکر  میں
شاعری  پہلے  رسولوں  کی  دعا  تھی  قیصرؔ  آج  اس  عہد  میں  اک  شعبدۂ  ذات  ہوئی
مرے  انگ  انگ  میں  بس  گئی  یہ  جو  شاعری  ہے  یہ  کون  ہے
جس  نے  مہ  پاروں  کے  دل  پگھلا  دیے  وہ  تو  میری  شاعری  تھی  میں  نہ  تھا
وہ  گفتگو  جو  مری  صرف  اپنے  آپ  سے  تھی  تری  نگاہ  کو  پہنچی  تو  شاعری  ہوئی  ہے
ہمارے  پاس  یہی  شاعری  کا  سکہ  ہے  الٹ  پلٹ  کے  اسی  کو  چلانا  پڑتا  ہے
کیا  پتا  ہو  بھی  سکے  اس  کی  تلافی  کہ  نہیں  شاعری  تجھ  کو  گنوایا  ہے  بہت  دن  ہم  نے
زبان  دل  سے  کوئی  شاعری  سناتا  ہے  تو  سامعین  بھلاتے  نہیں  کلام  اس  کا
اس  نے  پوچھا  تھا  کیا  حال  ہے  اور  میں  سوچتا  رہ  گیا
عشق  میں  کیا  نقصان  نفع  ہے  ہم  کو  کیا  سمجھاتے  ہو  ہم  نے  ساری  عمر  ہی  یارو  دل  کا  کاروبار  کیا
جواز  کوئی  اگر  میری  بندگی  کا  نہیں  میں  پوچھتا  ہوں  تجھے  کیا  ملا  خدا  ہو  کر
مرے  ساتھ  چلنے  والے  تجھے  کیا  ملا  سفر  میں  وہی  دکھ  بھری  زمیں  ہے  وہی  غم  کا  آسماں  ہے
کیا  ملا  عرض  مدعا  کر  کے  بات  بھی  کھوئی  التجا  کر  کے
کیا  ملا  عرض  مدعا  سے  فگارؔ  بات  کہنے  سے  اور  بات  گئی
پہلی  سانس  پہ  میں  رویا  تھا  آخری  سانس  پہ  دنیا  ان  سانسوں  کے  بیچ  میں  ہم  نے  کیا  کھویا  کیا  پایا
ذرا  سی  بات  پہ  کیا  کیا  نہ  کھو  دیا  میں  نے  جو  تم  نے  کھویا  ہے  اس  کا  شمار  تم  بھی  کرو
کیسا  عجیب  آیا  ہے  اس  سال  کا  بجٹ  مرغی  کا  جو  بجٹ  ہے  وہی  دال  کا  بجٹ
زیان  دل  ہی  اس  بازار  میں  سود  محبت  ہے  یہاں  ہے  فائدہ  خود  کو  اگر  نقصان  میں  رکھ  لیں
ٹی  وی  کا  یہ  مذاق  ادیبوں  کے  ساتھ  ہے  شاعر  سے  دگنا  رکھ  دیا  قوال  کا  بجٹ
وار  پشت  پر  کرکے  کیا  ملا  تمہیں  آخر  ایک  پل  میں  کھو  بیٹھے  اعتبار  جتنا  تھا
بکتی  ہے  اب  کتاب  بھی  کیسٹ  کے  ریٹ  پہ  کیسے  بنے  گا  غالبؔ  و  اقبالؔ  کا  بجٹ
بچھڑے  تھے  جب  یہ  لوگ  مہینہ  تھا  جون  کا  سوہنی  بنا  رہی  تھی  مہینوال  کا  بجٹ
بجٹ  میں  نے  دیکھے  ہیں  سارے  ترے  انوکھے  انوکھے  خسارے  ترے
"نازکی  اس  کے  لب  کی  کیا  کہئے  پنکھڑی  اک  گلاب  کی  سی  ہے  تشریح  میر  اپنی  سہل  شاعری  میں  کوئی  ثانی  نہیں  رکھتے  ہیں۔  جس  سہولت  سچائی  اور  آسانی  کے  ساتھ  وہ  مضامین  کو  بیان  کرنے  کی  قدرت  رکھتے  ہیں  اس  کی  مثال  مشکل  ہی  سے  ملتی  ہے۔    اس  شعر  میں  میر  نے  بڑی  معصومیت  اور  سادگی  کے  ساتھ  اپنے  محبوب  کے  حسن  کی  تعریف  بیان  کی  ہے۔  ظاہر  ہے  کہ  حسن  کی  تعریف  کے  بیان  میں  محبوب  کے  ہونٹوں  کا  بیان  بہت  اہم  شے  ہے۔  میر  اپنے  محبوب  کے  ہونٹوں  کی  نازکی  ملائمیت  یا  softness  کو  بیان  کرتے  ہوئے  تشبیہ  دیتے  ہیں  اور  وہ  تشبیہ  گلاب  کے  پھول  کی  پنکھڑی  سے  دیتے  ہیں۔  گلاب  کی  پنکھڑی  بہت  نازک  ہوتی  ہیں،  بہت  نرم  ہوتی  ہیں  اتنی  نرم  اور  اتنی  نازک  ہوتی  ہیں  کہ  میر  کو  اپنے  محبوب  کے  ہونٹوں  کی  بناوٹ  بالکل  گلاب  کی  پنکھڑی  کی  مانند  نظر  آتی    ہے  ۔petals  of  the  rose  انتہائی  مناسب  تشبیہ  ہے،  جو  محبوب  کے  ہونٹوں  کے  لیے  دی  جاسکتی  ہے  اور  میر  نے  اس  مناسب  ترین  تشبیہ  کا  استعمال  کر  کے  یہ  ثابت  کر  دیا  کہ  اُپما  کے  چناؤ  میں  بھی  ان  کا  کوئی  بدل  نہیں  ہے  ۔  آسان  لفظوں  میں  کہا  جائے  تو  بات  صاف  سمجھ  میں  آتی  ہے  کہ  میر  اپنے  محبوب  کے  ہونٹوں  کو  گلاب  کی  پنکھڑی  کی  طرح  محسوس  کرتے  ہیں  اس  کی  نازکی  کی  یا  اس  کی  ملائمیت  یا  softness  کی  وجہ  سے  اور  اس  طرح  اس  تشبیہ  نے  محبوب  کے  حسن    کا  بہترین  نقشہ  کھینچ  دیا  ہے۔  سہیل آزاد 
                            تشریح  میر  اپنی  سہل  شاعری  میں  کوئی  ثانی  نہیں  رکھتے  ہیں۔  جس  سہولت  سچائی  اور  آسانی  کے  ساتھ  وہ  مضامین  کو  بیان  کرنے  کی  قدرت  رکھتے  ہیں  اس  کی  مثال  مشکل  ہی  سے  ملتی  ہے۔    اس  شعر  میں  میر  نے  بڑی  معصومیت  اور  سادگی  کے  ساتھ  اپنے  محبوب  کے  حسن  کی  تعریف  بیان  کی  ہے۔  ظاہر  ہے  کہ  حسن  کی  تعریف  کے  بیان  میں  محبوب  کے  ہونٹوں  کا  بیان  بہت  اہم  شے  ہے۔  میر  اپنے  محبوب  کے  ہونٹوں  کی  نازکی  ملائمیت  یا  softness  کو  بیان  کرتے  ہوئے  تشبیہ  دیتے  ہیں  اور  وہ  تشبیہ  گلاب  کے  پھول  کی  پنکھڑی  سے  دیتے  ہیں۔  گلاب  کی  پنکھڑی  بہت  نازک  ہوتی  ہیں،  بہت  نرم  ہوتی  ہیں  اتنی  نرم  اور  اتنی  نازک  ہوتی  ہیں  کہ  میر  کو  اپنے  محبوب  کے  ہونٹوں  کی  بناوٹ  بالکل  گلاب  کی  پنکھڑی  کی  مانند  نظر  آتی    ہے  ۔petals  of  the  rose  انتہائی  مناسب  تشبیہ  ہے،  جو  محبوب  کے  ہونٹوں  کے  لیے  دی  جاسکتی  ہے  اور  میر  نے  اس  مناسب  ترین  تشبیہ  کا  استعمال  کر  کے  یہ  ثابت  کر  دیا  کہ  اُپما  کے  چناؤ  میں  بھی  ان  کا  کوئی  بدل  نہیں  ہے  ۔  آسان  لفظوں  میں  کہا  جائے  تو  بات  صاف  سمجھ  میں  آتی  ہے  کہ  میر  اپنے  محبوب  کے  ہونٹوں  کو  گلاب  کی  پنکھڑی  کی  طرح  محسوس  کرتے  ہیں  اس  کی  نازکی  کی  یا  اس  کی  ملائمیت  یا  softness  کی  وجہ  سے  اور  اس  طرح  اس  تشبیہ  نے  محبوب  کے  حسن    کا  بہترین  نقشہ  کھینچ  دیا  ہے۔  سہیل آزاد"
آگ  تھے  ابتدائے  عشق  میں  ہم  اب  جو  ہیں  خاک  انتہا  ہے  یہ
بے  خودی  لے  گئی  کہاں  ہم  کو  دیر  سے  انتظار  ہے  اپنا
"ہمارے  آگے  ترا  جب  کسو  نے  نام  لیا  دل  ستم  زدہ  کو  ہم  نے  تھام  تھام  لیا  تشریح  تذکرۂ  خوش  معرکۂ  زیبا  (از  سعادت  خاں  ناصر  لکھنوی)  میں  میر  کے  باب  میں  لکھا  ہے  کہ  میر  اپنی  کم  عمری  کے  زمانہ  میں،جب  تک  خان  آرزو  کی  صحبت  میں  رہے،  کبھی  کبھی  دو  چار  شعر  ان  کی  خدمت  میں  پڑھتے  تھے،  جنھیں  وہ  پسند  کرتے  تھے  اور  تاکید  شعر  و  سخن  کی  زیادہ  سے  زیادہ  کرتے    تھے۔""  ایک  دن  خان  آرزو  نے  کہا  کہ  کہ  آج  مرزا  رفیع  آئے  اور  یہ  مطلع  نہایت  مباہات  کے  ساتھ    پڑھ  گئے/      چمن  میں  صبح  جو  اس  جنگجو  کا  نام  لیا  /  صبا  نے  تیغ  کا  آب  رواں  سے  کام  لیا  میر  صاحب  نے  اس  کو  سن  کر  بدیہ  یہ  مطلع  پڑھا  ہمارے  آگے  ترا  جب  کسو  نے  نام  لیا۔۔۔۔۔۔۔  دل  ستم  زدہ  کو  اپنے  تھام  تھام  لیا(مطبوعہ  نسخوں  میں  ""اپنے  کی  جگہ  ""ہم  نے""  ہے  )      خان  آرزو  فرط  خوشی  سے  اچھل  پڑے  اور  کہا  خدا  چشم  بد    سے  محفوظ  رکھے    آئیے  اب    میر  کے  اس  شعر  پر  غور  کریں۔  اس  سیدھے  سادے  شعر  میں  آخر  ایسی  کیا  خوبی  ہے  کہ  خان  آرزو  جیسا  صاحب  نظر  اسے  سن  کر  فرط  خوشی  سے  اچھل  پڑا،شفقت  کے  اظہار  یا  حوصلہ  افزائی  کے  کئے  تھوڑی  سی  واہ  واہ  کافی  تھی۔  کہا  جا  سکتا  ہے  کہ  یہ  کیفیت  کا  شعر  ہے  جو  شاعر  کے  دل  سے  نکل  کر  سیدھا  سامع  کے  دل  میں  جاتا  ہے  اور  یہی  اس  شعر  کی  خوبی  ہے۔  لیکن  یہ  بات  تو  ہم  واردات  قلبی  کے  کسی  بھی  شعر  کے  بارے  میں  کہہ  سکتے  ہیں،  جو  ہم  کو  پسند  ہو۔  تو  کیا  اس  شعر  میں  بس  اتنی  ہی  خوبی  ہے؟  اب  اگر  ہم  اس  شعر  کو  ذرا  غور  سے  پڑھیں  تو  ہمیں  نظر  آتا  ہے  کہ  اس  شعر  میں  غزل  کی  رسوم  شعری  کے  حوالہ  سے  معانی  کا  اک  جہان  آباد  ہے۔  اس  سادہ  سے  شعر  میں  عاشق،  معشوق  کا  نام  سن  کر  اپنے  دل  کو  ""تھام  تھام""  لیتا  ہے۔  دل  تھام  لینے  کی  وجوہ  بیان  نہ  کر  کے  شاعر  نے  بیک  وقت  اپنے  تمام  اندیشوں  اور  امکانات  کا  اظہار  کر  دیا  ہے۔  یعنی  ہمارے  سامنے  کوئی  اس  کا  نام  کیوں  لے؟  کیا  وہ  بھی  اُسی  کے  عشق  میں  مبتلا  ہے  جس  کے  عشق  میں  میں  مبتلا  ہوں!کیا  وہ  شخص  ہمارے  محبوب  کا  ہمارے  سامنے  نام  لے  کر  ہمارے  رازعشق  کو  جاننا  چاہتا  ہے  جو  ہم  نے  ابھی  تک  چھپا  رکھا  ہے۔  بہرحال  ہم  نے  اپنے  راز  عشق  کو  افشاء  نہیں  ہونے  دیا  حالانکہ  ہم  کو  اس  کے  لئے  بڑی  جدوجہد  کرنا  پڑی۔  یہاں  شعر  کے  دوسرے  مصرع  میں  لفظ  تھام  کی  تکرار  کا  اصل  جواز  واضح  ہوتا  ہے۔  غور  کیجئے  کہ  اگر  دوسرا  مصرع  اس  طرح  ہوتا۔۔۔""دل  ستم  زدہ  کو  اپنے  ہم  نے  تھام  لیا""  تو  شعر  آسمان  سے  زمین  پر  گر  جاتا  بلکہ  مضحکہ  خیز  ہو  جاتا۔  شعر  میں  لفظ  نام  بھی  بڑے  کام  کا  ہے۔    بو  علی  سینا  کے  پاس  اک  مریض  لایا  گیا  جو  دن  بدن  لاغر  ہوتا  جا  رہا  تھا  ۔  بو  علی  سینا  سمجھ  گئے  کہ  یہ  مریض  عشق  ہے  لیکن  مشکل  یہ  تھی  کہ  وہ  کچھ  بھی  بتانے  کو  تیار  نہیں  تھا۔  وہ  کون  ہے،  کس  شہر  میں  رہتی  ہے،اس  کا  نام  کیا  ہے  جب  تک  یہ  نہ  معلوم  ہو  اس  کا  علاج  کیونکر  ممکن  تھا۔  آخر  انہں  اک  تدبیر  سوجھی۔  انہوں  نے  مریض  کی  نبض  پر  ہاتھ  رکھا  اورشہروں  کے  نام  لینے  لگے۔  آخر  ایک  شہر  کے  نام  پر  مریض  کی  نبض  پھڑک  اٹھی۔  لیجئے  شہر  کا  نام  معلوم  ہو  گیا۔  اسی  طرح  انھوں  نے  متعلقہ  محلہ،  مکاں  اور  لڑکی  کے  نام  کا  پتہ  لگا  لیا  اب  مریض  کا  علاج  آسان  تھا۔  یہاں  میر  صاحب  کے  شعری  عاشق  کو  بو  علی  سینا  کا  سامنا  نہیں  تھا  کہ  بے  قابو  نبض  اس  کو  مشکل  میں  ڈالتی،  بس  دل  کو  بمشکل  تھام،بلکہ  تھام  تھام  کر  اس  نے  راز  دل  چھپا  لیا۔  اب  دل  ستم  زدہ  پر  غور  کیجیے۔  عاشق  ستم  کا  مارا  ہے۔  اسے  معلوم  ہے  کہ    معشوق  جفا  جو  کسی  کے  ساتھ  ستم  سے  باز  نہیں  آتا۔  اب    ایک  شخص  اُسی  کا  نام  لے  رہا  ہے  عین  ممکن  ہے  کہ  وہ  اس  کی  طرف  مائل  ہو  یا  اس  کے  عشق  میں  گرفتار  ہو  چکا  ہو۔  میر  کے  عاشق  نے  تو  ستم،  جیسے  تیسے،  جھیل  لئے  لیکن  ایسا  کر  پانا  ہر  کسی  کے  بس  کا  روگ  نہیں  اب  اس  نئے  عاشق  پر  کیا  گزرے  گی؟  یہ  سوچ  کر  ہی  اس  کا  دل  دہل  جاتا  ہے  اور  وہ  اپنے  دل  ستم  زدہ  کو  تھام  تھام  لیتا  ہے۔  یہ  شاعر  کے  احساس  درد  مندی  کی    مثال  ہے  شعر  کا  ایک  پہلو  یہ  بھی  ہے  کہ  عاشق  کو  بر  بنائے  غیرت  یہ  بھی  گوارہ  نہں  کہ  کوئی  اس  کے  معشوق  سے  کسی  قسم  کا  تعلق  رکھنا  تو  دور،  اس  کا  نام  بھی  اپنی  زبان  پر  لائے۔  یہاں  یہ  بات  بھی  قابل  غور  ہے  کہ  صاحب  تذکرہ  نے  شعر  میں  ""ہم  نے""  کی  جگہ  ""اپنے""  لکھا  ہے۔  ہو  سکتا  ہے  کہ  یہ  یادداشت  یا  کتابت  کی  غلطی  ہو۔  بہرحال  ""اپنے""  کے  ساتھ  شعر  اپنے  مرتبہ  سے  گر  جاتا  ھے،  کیونکہ  اوّل  تو  اپنے  بے  محل  اور  زائد  ٹھہرے  گا  (  یہ  تو  ممکن  نہیں  کہ  اپنے  سوا  کسی  دوسرے  کا  دل  تھام  لیا  جائے)  پھر  اپنے  لکھنے  سے  یہ  بھی  گمان  ہو  سکتا  تھا  کہ  شائد  نام  لینے  والا  خود  اپنا  دل  تھام  رہا  ہے۔  یہ  شعر  کا  اک  مضحکہ  خیز  پہلو  ہوتا۔  لفظوں  کو  برتنے  کا  یہی  فن  بڑے  شاعر  کو    معمولی  شاعر  سے  ممتاز  کرتا  ہے۔  محمّد آزم 
                                    تشریح  تذکرۂ  خوش  معرکۂ  زیبا  (از  سعادت  خاں  ناصر  لکھنوی)  میں  میر  کے  باب  میں  لکھا  ہے  کہ  میر  اپنی  کم  عمری  کے  زمانہ  میں،جب  تک  خان  آرزو  کی  صحبت  میں  رہے،  کبھی  کبھی  دو  چار  شعر  ان  کی  خدمت  میں  پڑھتے  تھے،  جنھیں  وہ  پسند  کرتے  تھے  اور  تاکید  شعر  و  سخن  کی  زیادہ  سے  زیادہ  کرتے    تھے۔""  ایک  دن  خان  آرزو  نے  کہا  کہ  کہ  آج  مرزا  رفیع  آئے  اور  یہ  مطلع  نہایت  مباہات  کے  ساتھ    پڑھ  گئے/      چمن  میں  صبح  جو  اس  جنگجو  کا  نام  لیا  /  صبا  نے  تیغ  کا  آب  رواں  سے  کام  لیا  میر  صاحب  نے  اس  کو  سن  کر  بدیہ  یہ  مطلع  پڑھا  ہمارے  آگے  ترا  جب  کسو  نے  نام  لیا۔۔۔۔۔۔۔  دل  ستم  زدہ  کو  اپنے  تھام  تھام  لیا(مطبوعہ  نسخوں  میں  ""اپنے  کی  جگہ  ""ہم  نے""  ہے  )      خان  آرزو  فرط  خوشی  سے  اچھل  پڑے  اور  کہا  خدا  چشم  بد    سے  محفوظ  رکھے    آئیے  اب    میر  کے  اس  شعر  پر  غور  کریں۔  اس  سیدھے  سادے  شعر  میں  آخر  ایسی  کیا  خوبی  ہے  کہ  خان  آرزو  جیسا  صاحب  نظر  اسے  سن  کر  فرط  خوشی  سے  اچھل  پڑا،شفقت  کے  اظہار  یا  حوصلہ  افزائی  کے  کئے  تھوڑی  سی  واہ  واہ  کافی  تھی۔  کہا  جا  سکتا  ہے  کہ  یہ  کیفیت  کا  شعر  ہے  جو  شاعر  کے  دل  سے  نکل  کر  سیدھا  سامع  کے  دل  میں  جاتا  ہے  اور  یہی  اس  شعر  کی  خوبی  ہے۔  لیکن  یہ  بات  تو  ہم  واردات  قلبی  کے  کسی  بھی  شعر  کے  بارے  میں  کہہ  سکتے  ہیں،  جو  ہم  کو  پسند  ہو۔  تو  کیا  اس  شعر  میں  بس  اتنی  ہی  خوبی  ہے؟  اب  اگر  ہم  اس  شعر  کو  ذرا  غور  سے  پڑھیں  تو  ہمیں  نظر  آتا  ہے  کہ  اس  شعر  میں  غزل  کی  رسوم  شعری  کے  حوالہ  سے  معانی  کا  اک  جہان  آباد  ہے۔  اس  سادہ  سے  شعر  میں  عاشق،  معشوق  کا  نام  سن  کر  اپنے  دل  کو  ""تھام  تھام""  لیتا  ہے۔  دل  تھام  لینے  کی  وجوہ  بیان  نہ  کر  کے  شاعر  نے  بیک  وقت  اپنے  تمام  اندیشوں  اور  امکانات  کا  اظہار  کر  دیا  ہے۔  یعنی  ہمارے  سامنے  کوئی  اس  کا  نام  کیوں  لے؟  کیا  وہ  بھی  اُسی  کے  عشق  میں  مبتلا  ہے  جس  کے  عشق  میں  میں  مبتلا  ہوں!کیا  وہ  شخص  ہمارے  محبوب  کا  ہمارے  سامنے  نام  لے  کر  ہمارے  رازعشق  کو  جاننا  چاہتا  ہے  جو  ہم  نے  ابھی  تک  چھپا  رکھا  ہے۔  بہرحال  ہم  نے  اپنے  راز  عشق  کو  افشاء  نہیں  ہونے  دیا  حالانکہ  ہم  کو  اس  کے  لئے  بڑی  جدوجہد  کرنا  پڑی۔  یہاں  شعر  کے  دوسرے  مصرع  میں  لفظ  تھام  کی  تکرار  کا  اصل  جواز  واضح  ہوتا  ہے۔  غور  کیجئے  کہ  اگر  دوسرا  مصرع  اس  طرح  ہوتا۔۔۔""دل  ستم  زدہ  کو  اپنے  ہم  نے  تھام  لیا""  تو  شعر  آسمان  سے  زمین  پر  گر  جاتا  بلکہ  مضحکہ  خیز  ہو  جاتا۔  شعر  میں  لفظ  نام  بھی  بڑے  کام  کا  ہے۔    بو  علی  سینا  کے  پاس  اک  مریض  لایا  گیا  جو  دن  بدن  لاغر  ہوتا  جا  رہا  تھا  ۔  بو  علی  سینا  سمجھ  گئے  کہ  یہ  مریض  عشق  ہے  لیکن  مشکل  یہ  تھی  کہ  وہ  کچھ  بھی  بتانے  کو  تیار  نہیں  تھا۔  وہ  کون  ہے،  کس  شہر  میں  رہتی  ہے،اس  کا  نام  کیا  ہے  جب  تک  یہ  نہ  معلوم  ہو  اس  کا  علاج  کیونکر  ممکن  تھا۔  آخر  انہں  اک  تدبیر  سوجھی۔  انہوں  نے  مریض  کی  نبض  پر  ہاتھ  رکھا  اورشہروں  کے  نام  لینے  لگے۔  آخر  ایک  شہر  کے  نام  پر  مریض  کی  نبض  پھڑک  اٹھی۔  لیجئے  شہر  کا  نام  معلوم  ہو  گیا۔  اسی  طرح  انھوں  نے  متعلقہ  محلہ،  مکاں  اور  لڑکی  کے  نام  کا  پتہ  لگا  لیا  اب  مریض  کا  علاج  آسان  تھا۔  یہاں  میر  صاحب  کے  شعری  عاشق  کو  بو  علی  سینا  کا  سامنا  نہیں  تھا  کہ  بے  قابو  نبض  اس  کو  مشکل  میں  ڈالتی،  بس  دل  کو  بمشکل  تھام،بلکہ  تھام  تھام  کر  اس  نے  راز  دل  چھپا  لیا۔  اب  دل  ستم  زدہ  پر  غور  کیجیے۔  عاشق  ستم  کا  مارا  ہے۔  اسے  معلوم  ہے  کہ    معشوق  جفا  جو  کسی  کے  ساتھ  ستم  سے  باز  نہیں  آتا۔  اب    ایک  شخص  اُسی  کا  نام  لے  رہا  ہے  عین  ممکن  ہے  کہ  وہ  اس  کی  طرف  مائل  ہو  یا  اس  کے  عشق  میں  گرفتار  ہو  چکا  ہو۔  میر  کے  عاشق  نے  تو  ستم،  جیسے  تیسے،  جھیل  لئے  لیکن  ایسا  کر  پانا  ہر  کسی  کے  بس  کا  روگ  نہیں  اب  اس  نئے  عاشق  پر  کیا  گزرے  گی؟  یہ  سوچ  کر  ہی  اس  کا  دل  دہل  جاتا  ہے  اور  وہ  اپنے  دل  ستم  زدہ  کو  تھام  تھام  لیتا  ہے۔  یہ  شاعر  کے  احساس  درد  مندی  کی    مثال  ہے  شعر  کا  ایک  پہلو  یہ  بھی  ہے  کہ  عاشق  کو  بر  بنائے  غیرت  یہ  بھی  گوارہ  نہں  کہ  کوئی  اس  کے  معشوق  سے  کسی  قسم  کا  تعلق  رکھنا  تو  دور،  اس  کا  نام  بھی  اپنی  زبان  پر  لائے۔  یہاں  یہ  بات  بھی  قابل  غور  ہے  کہ  صاحب  تذکرہ  نے  شعر  میں  ""ہم  نے""  کی  جگہ  ""اپنے""  لکھا  ہے۔  ہو  سکتا  ہے  کہ  یہ  یادداشت  یا  کتابت  کی  غلطی  ہو۔  بہرحال  ""اپنے""  کے  ساتھ  شعر  اپنے  مرتبہ  سے  گر  جاتا  ھے،  کیونکہ  اوّل  تو  اپنے  بے  محل  اور  زائد  ٹھہرے  گا  (  یہ  تو  ممکن  نہیں  کہ  اپنے  سوا  کسی  دوسرے  کا  دل  تھام  لیا  جائے)  پھر  اپنے  لکھنے  سے  یہ  بھی  گمان  ہو  سکتا  تھا  کہ  شائد  نام  لینے  والا  خود  اپنا  دل  تھام  رہا  ہے۔  یہ  شعر  کا  اک  مضحکہ  خیز  پہلو  ہوتا۔  لفظوں  کو  برتنے  کا  یہی  فن  بڑے  شاعر  کو    معمولی  شاعر  سے  ممتاز  کرتا  ہے۔  محمّد آزم"
دکھائی  دیئے  یوں  کہ  بے  خود  کیا  ہمیں  آپ  سے  بھی  جدا  کر  چلے
ہم  جانتے  تو  عشق  نہ  کرتے  کسو  کے  ساتھ  لے  جاتے  دل  کو  خاک  میں  اس  آرزو  کے  ساتھ
گفتگو  ریختے  میں  ہم  سے  نہ  کر  یہ  ہماری  زبان  ہے  پیارے
مل  کے  ہوتی  تھی  کبھی  عید  بھی  دیوالی  بھی  اب  یہ  حالت  ہے  کہ  ڈر  ڈر  کے  گلے  ملتے  ہیں
سبھی  کے  دیپ  سندر  ہیں  ہمارے  کیا  تمہارے  کیا  اجالا  ہر  طرف  ہے  اس  کنارے  اس  کنارے  کیا
تھا  انتظار  منائیں  گے  مل  کے  دیوالی  نہ  تم  ہی  لوٹ  کے  آئے  نہ  وقت  شام  ہوا
ہونے  دو  چراغاں  محلوں  میں  کیا  ہم  کو  اگر  دیوالی  ہے  مزدور  ہیں  ہم  مزدور  ہیں  ہم  مزدور  کی  دنیا  کالی  ہے
آج  کی  رات  دوالی  ہے  دیے  روشن  ہیں  آج  کی  رات  یہ  لگتا  ہے  میں  سو  سکتا  ہوں
میلے  میں  گر  نظر  نہ  آتا  روپ  کسی  متوالی  کا  پھیکا  پھیکا  رہ  جاتا  تہوار  بھی  اس  دیوالی  کا
وہ  دن  بھی  ہائے  کیا  دن  تھے  جب  اپنا  بھی  تعلق  تھا  دشہرے  سے  دوالی  سے  بسنتوں  سے  بہاروں  سے
راہوں  میں  جان  گھر  میں  چراغوں  سے  شان  ہے  دیپاولی  سے  آج  زمین  آسمان  ہے
پیار  کی  جوت  سے  گھر  گھر  ہے  چراغاں  ورنہ  ایک  بھی  شمع  نہ  روشن  ہو  ہوا  کے  ڈر  سے
جو  سنتے  ہیں  کہ  ترے  شہر  میں  دسہرا  ہے  ہم  اپنے  گھر  میں  دوالی  سجانے  لگتے  ہیں
کھڑکیوں  سے  جھانکتی  ہے  روشنی  بتیاں  جلتی  ہیں  گھر  گھر  رات  میں
ہے  دسہرے  میں  بھی  یوں  گر  فرحت  و  زینت  نظیرؔ  پر  دوالی  بھی  عجب  پاکیزہ  تر  تیوہار  ہے
ہستی  کا  نظارہ  کیا  کہئے  مرتا  ہے  کوئی  جیتا  ہے  کوئی  جیسے  کہ  دوالی  ہو  کہ  دیا  جلتا  جائے  بجھتا  جائے
بیس  برس  سے  اک  تارے  پر  من  کی  جوت  جگاتا  ہوں  دیوالی  کی  رات  کو  تو  بھی  کوئی  دیا  جلایا  کر
داغوں  کی  بس  دکھا  دی  دوالی  میں  روشنی  ہم  سا  نہ  ہوگا  کوئی  جہاں  میں  دیوالیہ
جل  بجھوں  گا  بھڑک  کے  دم  بھر  میں  میں  ہوں  گویا  دیا  دوالی  کا
دوستو  کیا  کیا  دوالی  میں  نشاط  و  عیش  ہے  سب  مہیا  ہے  جو  اس  ہنگام  کے  شایاں  ہے  شے
ایک  بوسے  کے  بھی  نصیب  نہ  ہوں  ہونٹھ  اتنے  بھی  اب  غریب  نہ  ہوں
ایک  بوسے  کے  طلب  گار  ہیں  ہم  اور  مانگیں  تو  گنہ  گار  ہیں  ہم
"لے  سانس  بھی  آہستہ  کہ  نازک  ہے  بہت  کام  آفاق  کی  اس  کارگہ  شیشہ  گری  کا  تشریح  اسی  مضمون  کو  انہیں  پیکروں  کے  ساتھ  دیوان  اوّل  میں  ایک  جگہ  اور  لکھا  ہے؎  ہر  دم  قدم  کو  اپنے  رکھ  احتیاط  سے  یاں  یہ  کارگاہ  ساری  دکان  شیشہ  گر  ہے  لیکن  ’’لے  سانس  بھی  آہستہ۔۔۔‘‘  بہت  بہتر  شعر  ہے،  کیونکہ  اس  میں  ’’سانس‘‘  کا  لفظ  شیشہ  گری  سے  خاص  مناسبت  رکھتا  ہے۔  (پگھلے  ہوئے  شیشے  کو  نلکی  کے  سرے  پر  رکھ  کر  پھونکتے  ہیں  اور  اس  طرح  اسے  مختلف  شکلیں  دیتے  ہیں۔)  زور  کی  ہوا  چلے  تو  شیشے  کی  چیزیں  گر  کر  یا  آپس  میں  ٹکرا  کر  ٹوٹ  جاتی  ہیں،  اور  آفاق  کی  کارگاہ  شیشہ  گری  میں  ایسے  نازک  کام  ہوتے  ہیں  کہ  تیز  سانس  بھی  ان  کے  لئے  زور  کی  ہوا  کا  حکم  رکھتی  ہے۔  ’’ہردم  قدم  کو  اپنے‘‘  میں  لفظ  ’’دم‘‘  کے  ذریعہ  سانس  کی  طرف  اشارہ  کیا  ہے،  اور  ’’دم  قدم‘‘  میں  بھی  ایک  لطف  ہے،  لیکن  یہ  دونوں  چیزیں  ’’لے  سانس  بھی  آہستہ‘‘  کے  برابر  بلاغت  کی  حامل  نہیں  ہیں۔  شعر  کا  مفہوم  یہ  ہے  کہ  صاحب  نظر  کائنات  کو  دیکھتا  ہے  تو  اس  کی  رنگا  رنگی  اور  پیچ  در  پیچ  نزاکت  کو  دیکھ  کر  حیرت  میں  آ  جاتا  ہے۔  ہر  چیز  انتظام  سے  چل  رہی  ہے،  کہیں  کوئی  انتشار  نہیں،  معلوم  ہوتا  ہے  کوئی  بہت  ہی  نازک  اور  پیچیدہ  کارخانہ  ہے۔  صاحب  نظر  کو  محسوس  ہوتا  ہے  کہ  اگر  زور  کی  سانس  بھی  لی  تو  یہ  سب  درہم  برہم  ہوجائے  گا۔  یا  شاید  یہ  سب  کچھ  ایک  خواب  ہے،  جو  ذرا  سے  اشارے  پر  برہم  اور  منتشر  ہوسکتا  ہے۔  اقبال  کا  مندرجہ  ذیل  شعر  میر  کے  شعر  زیر  بحث  سے  براہ  راست  مستعار  معلوم  ہوتا  ہے۔  لیکن  اقبال  کا  شعر  غیر  ضروری  وضاحت  اور  خطابیہ  انداز  بیان  کے  باعث  ناکام  ٹھہرتا  ہے؎  زندگی  کی  رہ  میں  چل  لیکن  ذرا  بچ  بچ  کے  چل  یہ  سمجھ  لے  کوئی  مینا  خانہ  باردوش  ہے  (بانگ  درا۔  حصہ  سوم)  اقبال  کے  شعر  پر  قائم  چاند  پوری  کے  ایک  شعر  کا  بھی  پرتو  نظر  آتا  ہے۔  ممکن  ہے  قائم  نے  بھی  میر  سے  استفادہ  کیا  ہو،  قائم؎  یہ  دہر  ہے  کار  گاہ  مینا  جو  پاؤں  رکھے  سویاں  تو  ڈر  کر  میر  کے  شعرِ  زیر  بحث  اور  قائم  کے  مندرجہ  بالا  شعر  پر  میں  نے  ’’شعر  غیر  شعر  اور  نثر‘‘  میں  بھی  کچھ  اظہار  خیال  کیا  ہے۔  قائم  نے  ایک  اور  جگہ  میرسے  ملتا  جلتا  مضمون  باندھا  ہے؎  غافل  قدم  کو  رکھیو  اپنے  سنبھال  کر  یاں  ہر  سنگ  رہگذر  کا  دکان  شیشہ  گر  ہے  یہاں  قائم  کا  خطابیہ  لہجہ  شعر  کے  زور  میں  مخل  ہے  اور  مصرع  ثانی  کا  انکشافی  انداز  بھی  لفظ  ’’غافل‘‘  کو  سنبھالنے  کے  لئے  ناکافی  ہے۔    نثار  احمد  فاروقی  نے  یہ  نکتہ  پیدا  کیا  ہے  کہ  اگر  اس  شعر  کو  تصوف  پر  محمول  کیا  جائے  تو  اس  میں  ’’پاس  انفاس‘‘  اور  ’’ہوش  دردم‘‘  کے  اشارے  دیکھے  جا  سکتے  ہیں۔  لیکن  یہ  نکتہ  دورازکار  معلوم  ہوتا  ہے  کیوں  کہ  پاس  انفاس  اور  ہوش  دردم  صوفیانہ  افکار  و  اعمال  ہیں،  ان  کے  حوالے  سے  آفاق  کے  کاموں  کا  نازک  ہونا  نہیں  ثابت  ہوتا۔  شمس الرحمن فاروقی 
                                  تشریح  اسی  مضمون  کو  انہیں  پیکروں  کے  ساتھ  دیوان  اوّل  میں  ایک  جگہ  اور  لکھا  ہے؎  ہر  دم  قدم  کو  اپنے  رکھ  احتیاط  سے  یاں  یہ  کارگاہ  ساری  دکان  شیشہ  گر  ہے  لیکن  ’’لے  سانس  بھی  آہستہ۔۔۔‘‘  بہت  بہتر  شعر  ہے،  کیونکہ  اس  میں  ’’سانس‘‘  کا  لفظ  شیشہ  گری  سے  خاص  مناسبت  رکھتا  ہے۔  (پگھلے  ہوئے  شیشے  کو  نلکی  کے  سرے  پر  رکھ  کر  پھونکتے  ہیں  اور  اس  طرح  اسے  مختلف  شکلیں  دیتے  ہیں۔)  زور  کی  ہوا  چلے  تو  شیشے  کی  چیزیں  گر  کر  یا  آپس  میں  ٹکرا  کر  ٹوٹ  جاتی  ہیں،  اور  آفاق  کی  کارگاہ  شیشہ  گری  میں  ایسے  نازک  کام  ہوتے  ہیں  کہ  تیز  سانس  بھی  ان  کے  لئے  زور  کی  ہوا  کا  حکم  رکھتی  ہے۔  ’’ہردم  قدم  کو  اپنے‘‘  میں  لفظ  ’’دم‘‘  کے  ذریعہ  سانس  کی  طرف  اشارہ  کیا  ہے،  اور  ’’دم  قدم‘‘  میں  بھی  ایک  لطف  ہے،  لیکن  یہ  دونوں  چیزیں  ’’لے  سانس  بھی  آہستہ‘‘  کے  برابر  بلاغت  کی  حامل  نہیں  ہیں۔  شعر  کا  مفہوم  یہ  ہے  کہ  صاحب  نظر  کائنات  کو  دیکھتا  ہے  تو  اس  کی  رنگا  رنگی  اور  پیچ  در  پیچ  نزاکت  کو  دیکھ  کر  حیرت  میں  آ  جاتا  ہے۔  ہر  چیز  انتظام  سے  چل  رہی  ہے،  کہیں  کوئی  انتشار  نہیں،  معلوم  ہوتا  ہے  کوئی  بہت  ہی  نازک  اور  پیچیدہ  کارخانہ  ہے۔  صاحب  نظر  کو  محسوس  ہوتا  ہے  کہ  اگر  زور  کی  سانس  بھی  لی  تو  یہ  سب  درہم  برہم  ہوجائے  گا۔  یا  شاید  یہ  سب  کچھ  ایک  خواب  ہے،  جو  ذرا  سے  اشارے  پر  برہم  اور  منتشر  ہوسکتا  ہے۔  اقبال  کا  مندرجہ  ذیل  شعر  میر  کے  شعر  زیر  بحث  سے  براہ  راست  مستعار  معلوم  ہوتا  ہے۔  لیکن  اقبال  کا  شعر  غیر  ضروری  وضاحت  اور  خطابیہ  انداز  بیان  کے  باعث  ناکام  ٹھہرتا  ہے؎  زندگی  کی  رہ  میں  چل  لیکن  ذرا  بچ  بچ  کے  چل  یہ  سمجھ  لے  کوئی  مینا  خانہ  باردوش  ہے  (بانگ  درا۔  حصہ  سوم)  اقبال  کے  شعر  پر  قائم  چاند  پوری  کے  ایک  شعر  کا  بھی  پرتو  نظر  آتا  ہے۔  ممکن  ہے  قائم  نے  بھی  میر  سے  استفادہ  کیا  ہو،  قائم؎  یہ  دہر  ہے  کار  گاہ  مینا  جو  پاؤں  رکھے  سویاں  تو  ڈر  کر  میر  کے  شعرِ  زیر  بحث  اور  قائم  کے  مندرجہ  بالا  شعر  پر  میں  نے  ’’شعر  غیر  شعر  اور  نثر‘‘  میں  بھی  کچھ  اظہار  خیال  کیا  ہے۔  قائم  نے  ایک  اور  جگہ  میرسے  ملتا  جلتا  مضمون  باندھا  ہے؎  غافل  قدم  کو  رکھیو  اپنے  سنبھال  کر  یاں  ہر  سنگ  رہگذر  کا  دکان  شیشہ  گر  ہے  یہاں  قائم  کا  خطابیہ  لہجہ  شعر  کے  زور  میں  مخل  ہے  اور  مصرع  ثانی  کا  انکشافی  انداز  بھی  لفظ  ’’غافل‘‘  کو  سنبھالنے  کے  لئے  ناکافی  ہے۔    نثار  احمد  فاروقی  نے  یہ  نکتہ  پیدا  کیا  ہے  کہ  اگر  اس  شعر  کو  تصوف  پر  محمول  کیا  جائے  تو  اس  میں  ’’پاس  انفاس‘‘  اور  ’’ہوش  دردم‘‘  کے  اشارے  دیکھے  جا  سکتے  ہیں۔  لیکن  یہ  نکتہ  دورازکار  معلوم  ہوتا  ہے  کیوں  کہ  پاس  انفاس  اور  ہوش  دردم  صوفیانہ  افکار  و  اعمال  ہیں،  ان  کے  حوالے  سے  آفاق  کے  کاموں  کا  نازک  ہونا  نہیں  ثابت  ہوتا۔  شمس الرحمن فاروقی"
کن  نیندوں  اب  تو  سوتی  ہے  اے  چشم  گریہ  ناک  مژگاں  تو  کھول  شہر  کو  سیلاب  لے  گیا
جم  گیا  خوں  کف  قاتل  پہ  ترا  میرؔ  زبس  ان  نے  رو  رو  دیا  کل  ہاتھ  کو  دھوتے  دھوتے
کچھ  ہو  رہے  گا  عشق  و  ہوس  میں  بھی  امتیاز  آیا  ہے  اب  مزاج  ترا  امتحان  پر
"ہم  نہ  کہتے  تھے  کہ  نقش  اس  کا  نہیں  نقاش  سہل  چاند  سارا  لگ  گیا  تب  نیم  رخ  صورت  ہوئی  تشریح  کیا  بلا  کا  شعر  ہے۔  کیا  تیور  ہے۔  کیا  لہجہ  ہے۔  اے  نقاش،  اے  تصویر  بنانے  والے،  اے  مورت  بنانے  والے،  ہم  نہ  کہتے  تھے  تجھ  سے  کہ  اس  کی  تصویر  بنانی  آسان  نہیں  ہے،  اب  دیکھ  لے  چاند  سارا  لگ  گیا  ہے  اور  ابھی  صرف  آدھا  ہی  چہرہ  بنا  ہے۔  زبان  اور  لہجے  کا  لطف  لے  لیا  ہو  تو  آگے  بڑھتے  ہیں۔  فاروقی  صاحب  فرماتے  ہیں  کہ  محبوب  کو  چاند  کا  ٹکڑا  کہا  جاتا  ہے،  لیکن  یہاں  یہ  معاملہ  ہے  کہ  اس  کا  نقش  بنانے  میں  چاند  کا  ہر  ٹکڑا  لگ  چکا  ہے  لیکن  ابھی  بھی  صرف  آدھی  ہی  صورت  بن  پائی  ہے۔    یہ  ہے  میر  کی  میریات۔  اگر  اُپما  یا  تشبیہ  کے  نظام  کی  بات  کریں  تو  کسی  بھی  چیز  کو  جب  کسی  اور  چیز  سے  اُپما  یا  تشبیہ  دی  جاتی    ہے  تو  جس  چیز  سے  اُپما  دی  جا  رہی  ہے  اس  کے  اندر  وجہ  تشبیہ  کی  زیادتی  ہونا  ضروری  ہے۔  مثلاً  فلاں  آدمی  شیر  سے  بہادر  ہے،  فلاں  شخص  گُل  سا  نازک  ہے۔  یہاں  گُل  کو  ہمارے  ذہن،  ہمارے  subconscious  پہلے  سے  ہی  زیادہ  نازک  مانے  ہوئے  ہے  یا  شیر  کو  زیادہ  بہادر  مانے  ہوئے  ہے۔  میر  نے  اپنے  محبوب  کے  آگے  چاند  کو  ایسا  کمتر  بنا  کے  پیش  کیا  ہے  کہ  ارے  تم  لوگ  کیا  چاند  چاند  کرتے  پھرتے  ہو  سارا  چاند  لگ  گیا  تب  بھی  میرے  محبوب  کا  آدھا  چہرہ  ہی  بن  پایا۔  اور  اصل  چہرہ  بھی  نہیں،  بلکہ  چہرے  کی  صرف  تصویر۔  اصل  چہرے  کی  تو  بات  ہی  چھوڑ  دو۔  چاند  سارا  لگ  گیا  تب  نیم  رخ  صورت  ہوئی۔  ایک  مصرعے  نے  تشبیہات  کا  نظام  کس  ہنرمندی  سے  الٹ  کے  رکھ  دیا۔  اور  پھر  زبان،  جیسے  نقاش  کی  بے  بسی  پر  طنز  میں  ہنسا  جا  رہا  ہو  ۔  مانو  کہہ  رہے  ہوں،  کیوں  بھئی،  ہو  گئی  تسلی،  بڑا  آیا  تھا  اس  کا  نقش  بنانے  والا،  ہم  نہ  کہتے  تھے  کہ  اس  کا  نقش  بنانا  آسان  کام  نہیں  ہے۔  دوسرے  مصرعے  کی  زبان  دیکھئے،  چاند  سارا  لگ  گیا،  جیسے  کوئی  کہہ  رہا  ہو  کہ  اتنی  رقم  لگ  گئی،  ساری  پونجی  لگ  گئی،  تب  بھی  کامیابی  نہ  ملی۔  پڑھتے  جائیے  اس  شعر  کو  اور  تہہ  داری  پہ  عش  عش  کرتے  رہیئے،  ساتھ  ہی  اس  مکالماتی  لہجے  اور  روزمرہ  کی  زبان  کے  مزے  لیتے  رہیئے۔  اجمل صدیقی 
                                          تشریح  کیا  بلا  کا  شعر  ہے۔  کیا  تیور  ہے۔  کیا  لہجہ  ہے۔  اے  نقاش،  اے  تصویر  بنانے  والے،  اے  مورت  بنانے  والے،  ہم  نہ  کہتے  تھے  تجھ  سے  کہ  اس  کی  تصویر  بنانی  آسان  نہیں  ہے،  اب  دیکھ  لے  چاند  سارا  لگ  گیا  ہے  اور  ابھی  صرف  آدھا  ہی  چہرہ  بنا  ہے۔  زبان  اور  لہجے  کا  لطف  لے  لیا  ہو  تو  آگے  بڑھتے  ہیں۔  فاروقی  صاحب  فرماتے  ہیں  کہ  محبوب  کو  چاند  کا  ٹکڑا  کہا  جاتا  ہے،  لیکن  یہاں  یہ  معاملہ  ہے  کہ  اس  کا  نقش  بنانے  میں  چاند  کا  ہر  ٹکڑا  لگ  چکا  ہے  لیکن  ابھی  بھی  صرف  آدھی  ہی  صورت  بن  پائی  ہے۔    یہ  ہے  میر  کی  میریات۔  اگر  اُپما  یا  تشبیہ  کے  نظام  کی  بات  کریں  تو  کسی  بھی  چیز  کو  جب  کسی  اور  چیز  سے  اُپما  یا  تشبیہ  دی  جاتی    ہے  تو  جس  چیز  سے  اُپما  دی  جا  رہی  ہے  اس  کے  اندر  وجہ  تشبیہ  کی  زیادتی  ہونا  ضروری  ہے۔  مثلاً  فلاں  آدمی  شیر  سے  بہادر  ہے،  فلاں  شخص  گُل  سا  نازک  ہے۔  یہاں  گُل  کو  ہمارے  ذہن،  ہمارے  subconscious  پہلے  سے  ہی  زیادہ  نازک  مانے  ہوئے  ہے  یا  شیر  کو  زیادہ  بہادر  مانے  ہوئے  ہے۔  میر  نے  اپنے  محبوب  کے  آگے  چاند  کو  ایسا  کمتر  بنا  کے  پیش  کیا  ہے  کہ  ارے  تم  لوگ  کیا  چاند  چاند  کرتے  پھرتے  ہو  سارا  چاند  لگ  گیا  تب  بھی  میرے  محبوب  کا  آدھا  چہرہ  ہی  بن  پایا۔  اور  اصل  چہرہ  بھی  نہیں،  بلکہ  چہرے  کی  صرف  تصویر۔  اصل  چہرے  کی  تو  بات  ہی  چھوڑ  دو۔  چاند  سارا  لگ  گیا  تب  نیم  رخ  صورت  ہوئی۔  ایک  مصرعے  نے  تشبیہات  کا  نظام  کس  ہنرمندی  سے  الٹ  کے  رکھ  دیا۔  اور  پھر  زبان،  جیسے  نقاش  کی  بے  بسی  پر  طنز  میں  ہنسا  جا  رہا  ہو  ۔  مانو  کہہ  رہے  ہوں،  کیوں  بھئی،  ہو  گئی  تسلی،  بڑا  آیا  تھا  اس  کا  نقش  بنانے  والا،  ہم  نہ  کہتے  تھے  کہ  اس  کا  نقش  بنانا  آسان  کام  نہیں  ہے۔  دوسرے  مصرعے  کی  زبان  دیکھئے،  چاند  سارا  لگ  گیا،  جیسے  کوئی  کہہ  رہا  ہو  کہ  اتنی  رقم  لگ  گئی،  ساری  پونجی  لگ  گئی،  تب  بھی  کامیابی  نہ  ملی۔  پڑھتے  جائیے  اس  شعر  کو  اور  تہہ  داری  پہ  عش  عش  کرتے  رہیئے،  ساتھ  ہی  اس  مکالماتی  لہجے  اور  روزمرہ  کی  زبان  کے  مزے  لیتے  رہیئے۔  اجمل صدیقی"
مصائب  اور  تھے  پر  دل  کا  جانا  عجب  اک  سانحہ  سا  ہو  گیا  ہے
اب  کے  جنوں  میں  فاصلہ  شاید  نہ  کچھ  رہے  دامن  کے  چاک  اور  گریباں  کے  چاک  میں
ہم  فقیروں  سے  بے  ادائی  کیا  آن  بیٹھے  جو  تم  نے  پیار  کیا
بال  و  پر  بھی  گئے  بہار  کے  ساتھ  اب  توقع  نہیں  رہائی  کی
عالم  عالم  عشق  و  جنوں  ہے  دنیا  دنیا  تہمت  ہے  دریا  دریا  روتا  ہوں  میں  صحرا  صحرا  وحشت  ہے
"آفاق  کی  منزل  سے  گیا  کون  سلامت  اسباب  لٹا  راہ  میں  یاں  ہر  سفری  کا  تشریح  اس  سے  پہلے  کہ  خدائے  سخن  میر  کے  اس  شعر  کی  تشریح  بیان  کی  جائے،  اس  شعر  میں  استعمال  شدہ  کچھ  الفاظ  کے  معنی  جاننے  کی  کوشش  کرتے  ہیں۔  سب  سے  پہلا  لفظ  آفاق  ہے  جو  اُفق  کی  جمع  ہے  جس  کے  معنی    horizons  کے  ہیں۔  دوسرا  لفظ  اسباب  ہے  جس  کے  معنی  سازو  سامان  یا  ضرورت  کا  سامان  یا  ضرورت  کی  اشیاء  یا  belongings    کے  ہیں۔  تیسرا  لفظ  جو  اس  شعر  میں  استعمال  ہوا  ہے  سفری  ہے  جس  کے  معنی  راہی    یا  مسافر  یا  گزرنے  والا  ہے۔  اب  سب  سے  پہلے  جس  تناظر  میں  آفاق  کا  لفظ  استعمال  ہوا  ہے  اس  کو  سمجھ  لینا  چاہیے۔  وہ  یہ  کرۂ  ارض  ہے،  یعنی  یہ  دنیا  ہے  جہاں  انسان  رہتا  ہے،  بستا  ہے،  اپنی  زندگی  بسر  کرتا  ہے،  اپنی  زندگی  کے  ساز  و  سامان  اکٹھا  کرتا  ہے  اور  زندگی  کے  ساز  و  سامان  کے  لیے  دوڑ  دھوپ،  تگ  و  دو  کرتا  ہے۔  انسان  کی  طبیعت  کچھ  اس  طرح  کی  ہے  کہ  وہ  اس  دنیا  سے  منسلک  ہو  کر  اپنی  زندگی  بسر  کرتا  ہے  اور  ساری  جدوجہد  اس  دنیا  کے  حصول  کے  لیے  اور  اسی  دنیا  کی  محنت  کے  لیے  صرف    کر  دیتا  ہے۔  میر  نے  اس  عارضی  زندگی  اور  عارضی  دنیا  سے  انسان  کے    تہی  داماں  رخصت  ہو  جانے  کا  ایسا  منظر  کھینچا  ہے  کہ  جس  کی  مثال  مشکل  سے  ہی  نظر  آتی  ہے  ۔  انسان  اس  دنیا  کی  زندگی  میں  کھپتا  ہے،  مرتا  ہے،  صعوبتیں  جھیلتا  ہے،  مشکلات  اٹھاتا  ہے  اور  اسی  دنیا  کی  زندگی  میں  اپنی  تمام  صلاحیتیں  صرف  کر  دیتا  ہے  اور  اسے  اس  کا  شعور  بھی  نہیں  ہوتا  کہ  اس  کی  منزل  کہیں  اور  ہے  ،  اس  کو  کہیں  اور  جانا  ہے،  وہ  کسی  اور  دنیا  کا  مسافر  ہے،  اس  جہان  میں  ایک  عارضی  سا  اس  کا  قیام  ہے۔  وہ  جتنی  بھی  دولت  کما  لے،  مال  حاصل  کر  لے،  اسباب  اکٹھا  کر  لے،  آخر  کار  سب  ایک  معینہ  مدت  کے  بعد  اس  سے  چھوٹ  جانے  والے  ہیں  اور  اس  کا  سارا  مال  و  متاع  اسی  دنیا  تک  رہ  جانے  والا  ہے  اس  کے  ساتھ  نہیں  جانے  والا  ہے  اس  کو  تو  خالی  ہاتھ  ہی  اس  دنیا  سے  رخصت  ہونا  ہے۔  H.W.Longfellow    ""  A  Plsalm  of  Life  ""    میں  فرماتے  ہیں  ۔  Art  is  long  ,  and  Time  is  fleeting    And  our  hearts,  though  stout  and  brave  ,    Still  ,  like  muffled  drums  are  beating    Funeral  marches  to  the  graves  ""    یعنی  انسان  لمحہ  لمحہ  اپنی  موت  سے  قریب  ہوتا  چلا  جاتا  ہے  اور  اس  نے  اس  دنیا  میں  جو  زندگی  گزاری  ہے  یا  جو  مال  کمایا  ہے  جو  پیسہ،  جو  دولت  اکھٹا  کیا  ہے  وہ  سب  اس  کی  موت  کے  بعد  بے  سود  ہے۔  اس  کو  خالی  ہاتھ  اس  دنیا  سے  جانا  ہے  اس  کو  خالی  ہاتھ  اس  دنیا  سے  رخصت  ہونا  ہے۔  یہ  مال  اس  کے  کام  آنا  ہے  نہ  ساتھ  جانا  ہے۔  نہ  دولت  اس  کے  ساتھ  جانی  ہے  نہ  اس  کے  ساتھ  اس  کی  کمائی  ہوئی  کوئی  دنیاوی  شے  اس  کے  ساتھ  جانی  ہے۔  میر  نے  اس  دنیا  سے  رخصت  ہوتے  ہوئے  مسافر  کا  ایسا  نقشہ  کھینچا  ہے  جو  دنیا  کی  اس  سچائی  کو  بیان  کرتا  ہے۔  سہیل آزاد 
                                تشریح  اس  سے  پہلے  کہ  خدائے  سخن  میر  کے  اس  شعر  کی  تشریح  بیان  کی  جائے،  اس  شعر  میں  استعمال  شدہ  کچھ  الفاظ  کے  معنی  جاننے  کی  کوشش  کرتے  ہیں۔  سب  سے  پہلا  لفظ  آفاق  ہے  جو  اُفق  کی  جمع  ہے  جس  کے  معنی    horizons  کے  ہیں۔  دوسرا  لفظ  اسباب  ہے  جس  کے  معنی  سازو  سامان  یا  ضرورت  کا  سامان  یا  ضرورت  کی  اشیاء  یا  belongings    کے  ہیں۔  تیسرا  لفظ  جو  اس  شعر  میں  استعمال  ہوا  ہے  سفری  ہے  جس  کے  معنی  راہی    یا  مسافر  یا  گزرنے  والا  ہے۔  اب  سب  سے  پہلے  جس  تناظر  میں  آفاق  کا  لفظ  استعمال  ہوا  ہے  اس  کو  سمجھ  لینا  چاہیے۔  وہ  یہ  کرۂ  ارض  ہے،  یعنی  یہ  دنیا  ہے  جہاں  انسان  رہتا  ہے،  بستا  ہے،  اپنی  زندگی  بسر  کرتا  ہے،  اپنی  زندگی  کے  ساز  و  سامان  اکٹھا  کرتا  ہے  اور  زندگی  کے  ساز  و  سامان  کے  لیے  دوڑ  دھوپ،  تگ  و  دو  کرتا  ہے۔  انسان  کی  طبیعت  کچھ  اس  طرح  کی  ہے  کہ  وہ  اس  دنیا  سے  منسلک  ہو  کر  اپنی  زندگی  بسر  کرتا  ہے  اور  ساری  جدوجہد  اس  دنیا  کے  حصول  کے  لیے  اور  اسی  دنیا  کی  محنت  کے  لیے  صرف    کر  دیتا  ہے۔  میر  نے  اس  عارضی  زندگی  اور  عارضی  دنیا  سے  انسان  کے    تہی  داماں  رخصت  ہو  جانے  کا  ایسا  منظر  کھینچا  ہے  کہ  جس  کی  مثال  مشکل  سے  ہی  نظر  آتی  ہے  ۔  انسان  اس  دنیا  کی  زندگی  میں  کھپتا  ہے،  مرتا  ہے،  صعوبتیں  جھیلتا  ہے،  مشکلات  اٹھاتا  ہے  اور  اسی  دنیا  کی  زندگی  میں  اپنی  تمام  صلاحیتیں  صرف  کر  دیتا  ہے  اور  اسے  اس  کا  شعور  بھی  نہیں  ہوتا  کہ  اس  کی  منزل  کہیں  اور  ہے  ،  اس  کو  کہیں  اور  جانا  ہے،  وہ  کسی  اور  دنیا  کا  مسافر  ہے،  اس  جہان  میں  ایک  عارضی  سا  اس  کا  قیام  ہے۔  وہ  جتنی  بھی  دولت  کما  لے،  مال  حاصل  کر  لے،  اسباب  اکٹھا  کر  لے،  آخر  کار  سب  ایک  معینہ  مدت  کے  بعد  اس  سے  چھوٹ  جانے  والے  ہیں  اور  اس  کا  سارا  مال  و  متاع  اسی  دنیا  تک  رہ  جانے  والا  ہے  اس  کے  ساتھ  نہیں  جانے  والا  ہے  اس  کو  تو  خالی  ہاتھ  ہی  اس  دنیا  سے  رخصت  ہونا  ہے۔  H.W.Longfellow    ""  A  Plsalm  of  Life  ""    میں  فرماتے  ہیں  ۔  Art  is  long  ,  and  Time  is  fleeting    And  our  hearts,  though  stout  and  brave  ,    Still  ,  like  muffled  drums  are  beating    Funeral  marches  to  the  graves  ""    یعنی  انسان  لمحہ  لمحہ  اپنی  موت  سے  قریب  ہوتا  چلا  جاتا  ہے  اور  اس  نے  اس  دنیا  میں  جو  زندگی  گزاری  ہے  یا  جو  مال  کمایا  ہے  جو  پیسہ،  جو  دولت  اکھٹا  کیا  ہے  وہ  سب  اس  کی  موت  کے  بعد  بے  سود  ہے۔  اس  کو  خالی  ہاتھ  اس  دنیا  سے  جانا  ہے  اس  کو  خالی  ہاتھ  اس  دنیا  سے  رخصت  ہونا  ہے۔  یہ  مال  اس  کے  کام  آنا  ہے  نہ  ساتھ  جانا  ہے۔  نہ  دولت  اس  کے  ساتھ  جانی  ہے  نہ  اس  کے  ساتھ  اس  کی  کمائی  ہوئی  کوئی  دنیاوی  شے  اس  کے  ساتھ  جانی  ہے۔  میر  نے  اس  دنیا  سے  رخصت  ہوتے  ہوئے  مسافر  کا  ایسا  نقشہ  کھینچا  ہے  جو  دنیا  کی  اس  سچائی  کو  بیان  کرتا  ہے۔  سہیل آزاد"
کہنا  تھا  کسو  سے  کچھ  تکتا  تھا  کسو  کا  منہ  کل  میر  کھڑا  تھا  یاں  سچ  ہے  کہ  دوانہ  تھا
عجز  و  نیاز  اپنا  اپنی  طرف  ہے  سارا  اس  مشت  خاک  کو  ہم  مسجود  جانتے  ہیں
تمام  رات  نہایا  تھا  شہر  بارش  میں  وہ  رنگ  اتر  ہی  گئے  جو  اترنے  والے  تھے
قرار  دل  کو  سدا  جس  کے  نام  سے  آیا  وہ  آیا  بھی  تو  کسی  اور  کام  سے  آیا
جمالؔ  ہر  شہر  سے  ہے  پیارا  وہ  شہر  مجھ  کو  جہاں  سے  دیکھا  تھا  پہلی  بار  آسمان  میں  نے
اک  سفر  میں  کوئی  دو  بار  نہیں  لٹ  سکتا  اب  دوبارہ  تری  چاہت  نہیں  کی  جا  سکتی
ہزار  طرح  کے  تھے  رنج  پچھلے  موسم  میں  پر  اتنا  تھا  کہ  کوئی  ساتھ  رونے  والا  تھا
صبح  آتا  ہوں  یہاں  اور  شام  ہو  جانے  کے  بعد  لوٹ  جاتا  ہوں  میں  گھر  ناکام  ہو  جانے  کے  بعد
ہارنے  والوں  نے  اس  رخ  سے  بھی  سوچا  ہوگا  سر  کٹانا  ہے  تو  ہتھیار  نہ  ڈالے  جائیں
تھکن  بہت  تھی  مگر  سایۂ  شجر  میں  جمالؔ  میں  بیٹھتا  تو  مرا  ہم  سفر  چلا  جاتا
اور  اب  یہ  چاہتا  ہوں  کوئی  غم  بٹائے  مرا  میں  اپنی  مٹی  کبھی  آپ  ڈھونے  والا  تھا
بکھر  گیا  ہے  جو  موتی  پرونے  والا  تھا  وہ  ہو  رہا  ہے  یہاں  جو  نہ  ہونے  والا  تھا
یہ  کس  مقام  پہ  سوجھی  تجھے  بچھڑنے  کی  کہ  اب  تو  جا  کے  کہیں  دن  سنورنے  والے  تھے
اس  رستے  پر  پیچھے  سے  اتنی  آوازیں  آئیں  جمالؔ  ایک  جگہ  تو  گھوم  کے  رہ  گئی  ایڑی  سیدھے  پاؤں  کی
وہ  لوگ  میرے  بہت  پیار  کرنے  والے  تھے  گزر  گئے  ہیں  جو  موسم  گزرنے  والے  تھے
چراغ  سامنے  والے  مکان  میں  بھی  نہ  تھا  یہ  سانحہ  مرے  وہم  و  گمان  میں  بھی  نہ  تھا
مرا  کمال  کہ  میں  اس  فضا  میں  زندہ  ہوں  دعا  نہ  ملتے  ہوئے  اور  ہوا  نہ  ہوتے  ہوئے
چراغ  بجھتے  چلے  جا  رہے  ہیں  سلسلہ  وار  میں  خود  کو  دیکھ  رہا  ہوں  فسانہ  ہوتے  ہوئے
جو  میرے  ذکر  پر  اب  قہقہے  لگاتا  ہے  بچھڑتے  وقت  کوئی  حال  دیکھتا  اس  کا
دن  گزرتے  جا  رہے  ہیں  اور  ہجوم  خوش  گماں  منتظر  بیٹھا  ہے  آب  و  خاک  سے  بچھڑا  ہوا
کیا  اس  سے  ملاقات  کا  امکاں  بھی  نہیں  اب  کیوں  ان  دنوں  میلی  تری  پوشاک  بہت  ہے
وہ  بھی  ملنے  نئی  پوشاک  بدل  کر  آیا  میں  جو  کل  پیرہن  خاک  بدل  کر  آیا
زندگی  شاید  اسی  کا  نام  ہے  دوریاں  مجبوریاں  تنہائیاں
تجھے  کون  جانتا  تھا  مری  دوستی  سے  پہلے  ترا  حسن  کچھ  نہیں  تھا  مری  شاعری  سے  پہلے
کون  آئے  گا  یہاں  کوئی  نہ  آیا  ہوگا  میرا  دروازہ  ہواؤں  نے  ہلایا  ہوگا
آگ  کا  کیا  ہے  پل  دو  پل  میں  لگتی  ہے  بجھتے  بجھتے  ایک  زمانا  لگتا  ہے
سایہ  ہے  کم  کھجور  کے  اونچے  درخت  کا  امید  باندھئے  نہ  بڑے  آدمی  کے  ساتھ
ماں  کی  آغوش  میں  کل  موت  کی  آغوش  میں  آج  ہم  کو  دنیا  میں  یہ  دو  وقت  سہانے  سے  ملے
اک  نیا  زخم  ملا  ایک  نئی  عمر  ملی  جب  کسی  شہر  میں  کچھ  یار  پرانے  سے  ملے
ادھر  آ  رقیب  میرے  میں  تجھے  گلے  لگا  لوں  مرا  عشق  بے  مزا  تھا  تری  دشمنی  سے  پہلے
گل  سے  لپٹی  ہوئی  تتلی  کو  گرا  کر  دیکھو  آندھیو  تم  نے  درختوں  کو  گرایا  ہوگا
جناب  کیفؔ  یہ  دلی  ہے  میرؔ  و  غالبؔ  کی  یہاں  کسی  کی  طرف  داریاں  نہیں  چلتیں
کیفؔ  پردیس  میں  مت  یاد  کرو  اپنا  مکاں  اب  کے  بارش  نے  اسے  توڑ  گرایا  ہوگا
کچھ  محبت  کو  نہ  تھا  چین  سے  رکھنا  منظور  اور  کچھ  ان  کی  عنایات  نے  جینے  نہ  دیا
جس  دن  مری  جبیں  کسی  دہلیز  پر  جھکے  اس  دن  خدا  شگاف  مرے  سر  میں  ڈال  دے
در  و  دیوار  پہ  شکلیں  سی  بنانے  آئی  پھر  یہ  بارش  مری  تنہائی  چرانے  آئی
وہ  دن  بھی  ہائے  کیا  دن  تھے  جب  اپنا  بھی  تعلق  تھا  دشہرے  سے  دوالی  سے  بسنتوں  سے  بہاروں  سے
چاہتا  ہوں  پھونک  دوں  اس  شہر  کو  شہر  میں  ان  کا  بھی  گھر  ہے  کیا  کروں
مت  دیکھ  کہ  پھرتا  ہوں  ترے  ہجر  میں  زندہ  یہ  پوچھ  کہ  جینے  میں  مزہ  ہے  کہ  نہیں  ہے
چار  جانب  دیکھ  کر  سچ  بولئے  آدمی  پھرتے  ہیں  سرکاری  بہت
ان  سے  مل  کر  اور  بھی  کچھ  بڑھ  گئیں  الجھنیں  فکریں  قیاس  آرائیاں
تھوڑا  سا  عکس  چاند  کے  پیکر  میں  ڈال  دے  تو  آ  کے  جان  رات  کے  منظر  میں  ڈال  دے
ماں  باپ  اور  استاد  سب  ہیں  خدا  کی  رحمت  ہے  روک  ٹوک  ان  کی  حق  میں  تمہارے  نعمت
جن  کے  کردار  سے  آتی  ہو  صداقت  کی  مہک  ان  کی  تدریس  سے  پتھر  بھی  پگھل  سکتے  ہیں
شاگرد  ہیں  ہم  میرؔ  سے  استاد  کے  راسخؔ  استادوں  کا  استاد  ہے  استاد  ہمارا
ادب  تعلیم  کا  جوہر  ہے  زیور  ہے  جوانی  کا  وہی  شاگرد  ہیں  جو  خدمت  استاد  کرتے  ہیں
دیکھا  نہ  کوہ  کن  کوئی  فرہاد  کے  بغیر  آتا  نہیں  ہے  فن  کوئی  استاد  کے  بغیر
وہی  شاگرد  پھر  ہو  جاتے  ہیں  استاد  اے  جوہرؔ  جو  اپنے  جان  و  دل  سے  خدمت  استاد  کرتے  ہیں
رہبر  بھی  یہ  ہمدم  بھی  یہ  غم  خوار  ہمارے  استاد  یہ  قوموں  کے  ہیں  معمار  ہمارے
اب  مجھے  مانیں  نہ  مانیں  اے  حفیظؔ  مانتے  ہیں  سب  مرے  استاد  کو
استاد  کے  احسان  کا  کر  شکر  منیرؔ  آج  کی  اہل  سخن  نے  تری  تعریف  بڑی  بات
وہ  عجب  گھڑی  تھی  میں  جس  گھڑی  لیا  درس  نسخۂ  عشق  کا  کہ  کتاب  عقل  کی  طاق  پر  جوں  دھری  تھی  تیوں  ہی  دھری  رہی
محروم  ہوں  میں  خدمت  استاد  سے  منیرؔ  کلکتہ  مجھ  کو  گور  سے  بھی  تنگ  ہو  گیا
مدرسہ  میرا  میری  ذات  میں  ہے  خود  معلم  ہوں  خود  کتاب  ہوں  میں
کس  طرح  امانتؔ  نہ  رہوں  غم  سے  میں  دلگیر  آنکھوں  میں  پھرا  کرتی  ہے  استاد  کی  صورت
فلسفے  سارے  کتابوں  میں  الجھ  کر  رہ  گئے  درس  گاہوں  میں  نصابوں  کی  تھکن  باقی  رہی
مجھ  سے  جو  چاہئے  وہ  درس  بصیرت  لیجے  میں  خود  آواز  ہوں  میری  کوئی  آواز  نہیں
سچ  یہ  ہے  ہم  ہی  محبت  کا  سبق  پڑھ  نہ  سکے  ورنہ  ان  پڑھ  تو  نہ  تھے  ہم  کو  پڑھانے  والے
موئے  جز  میرؔ  جو  تھے  فن  کے  استاد  یہی  اک  ریختہ  گو  اب  رہا  ہے
پڑھنے  والا  بھی  تو  کرتا  ہے  کسی  سے  منسوب  سبھی  کردار  کہانی  کے  نہیں  ہوتے  ہیں
شاگرد  طرز  خندہ  زنی  میں  ہے  گل  ترا  استاد  عندلیب  ہیں  سوز  و  فغاں  میں  ہم
ہے  اور  علم  و  ادب  مکتب  محبت  میں  کہ  ہے  وہاں  کا  معلم  جدا  ادیب  جدا
آج  اک  اور  برس  بیت  گیا  اس  کے  بغیر  جس  کے  ہوتے  ہوئے  ہوتے  تھے  زمانے  میرے
اک  سال  گیا  اک  سال  نیا  ہے  آنے  کو  پر  وقت  کا  اب  بھی  ہوش  نہیں  دیوانے  کو
نہ  شب  و  روز  ہی  بدلے  ہیں  نہ  حال  اچھا  ہے  کس  برہمن  نے  کہا  تھا  کہ  یہ  سال  اچھا  ہے
کسی  کو  سال  نو  کی  کیا  مبارک  باد  دی  جائے  کلینڈر  کے  بدلنے  سے  مقدر  کب  بدلتا  ہے
یکم  جنوری  ہے  نیا  سال  ہے  دسمبر  میں  پوچھوں  گا  کیا  حال  ہے
نہ  کوئی  رنج  کا  لمحہ  کسی  کے  پاس  آئے  خدا  کرے  کہ  نیا  سال  سب  کو  راس  آئے
کچھ  خوشیاں  کچھ  آنسو  دے  کر  ٹال  گیا  جیون  کا  اک  اور  سنہرا  سال  گیا
دیکھیے  پاتے  ہیں  عشاق  بتوں  سے  کیا  فیض  اک  برہمن  نے  کہا  ہے  کہ  یہ  سال  اچھا  ہے
پھر  نئے  سال  کی  سرحد  پہ  کھڑے  ہیں  ہم  لوگ  راکھ  ہو  جائے  گا  یہ  سال  بھی  حیرت  کیسی
اک  اجنبی  کے  ہاتھ  میں  دے  کر  ہمارا  ہاتھ  لو  ساتھ  چھوڑنے  لگا  آخر  یہ  سال  بھی
ایک  برس  اور  بیت  گیا  کب  تک  خاک  اڑانی  ہے
پرانے  سال  کی  ٹھٹھری  ہوئی  پرچھائیاں  سمٹیں  نئے  دن  کا  نیا  سورج  افق  پر  اٹھتا  آتا  ہے
یہ  کس  نے  فون  پے  دی  سال  نو  کی  تہنیت  مجھ  کو  تمنا  رقص  کرتی  ہے  تخیل  گنگناتا  ہے
نئے  سال  میں  پچھلی  نفرت  بھلا  دیں  چلو  اپنی  دنیا  کو  جنت  بنا  دیں
یہ  سال  بھی  اداسیاں  دے  کر  چلا  گیا  تم  سے  ملے  بغیر  دسمبر  چلا  گیا
پھر  آ  گیا  ہے  ایک  نیا  سال  دوستو  اس  بار  بھی  کسی  سے  دسمبر  نہیں  رکا
ارادہ  تھا  جی  لوں  گا  تجھ  سے  بچھڑ  کر  گزرتا  نہیں  اک  دسمبر  اکیلے
سفر  کا  ایک  نیا  سلسلہ  بنانا  ہے  اب  آسمان  تلک  راستہ  بنانا  ہے
دلہن  بنی  ہوئی  ہیں  راہیں  جشن  مناؤ  سال  نو  کے
نیا  سال  دیوار  پر  ٹانگ  دے  پرانے  برس  کا  کلنڈر  گرا
اب  کے  بار  مل  کے  یوں  سال  نو  منائیں  گے  رنجشیں  بھلا  کر  ہم  نفرتیں  مٹائیں  گے
دسمبر  کی  شب  آخر  نہ  پوچھو  کس  طرح  گزری  یہی  لگتا  تھا  ہر  دم  وہ  ہمیں  کچھ  پھول  بھیجے  گا
مبارک  مبارک  نیا  سال  آیا  خوشی  کا  سماں  ساری  دنیا  پہ  چھایا
ہر  دسمبر  اسی  وحشت  میں  گزارا  کہ  کہیں  پھر  سے  آنکھوں  میں  ترے  خواب  نہ  آنے  لگ  جائیں
پلٹ  سی  گئی  ہے  زمانے  کی  کایا  نیا  سال  آیا  نیا  سال  آیا
نیا  سال  آیا  ہے  خوشیاں  مناؤ  نئے  آسمانوں  سے  آنکھیں  ملاؤ
سال  نو  آتا  ہے  تو  محفوظ  کر  لیتا  ہوں  میں  کچھ  پرانے  سے  کلینڈر  ذہن  کی  دیوار  پر
اے  جاتے  برس  تجھ  کو  سونپا  خدا  کو  مبارک  مبارک  نیا  سال  سب  کو
اس  نئے  سال  کے  سواگت  کے  لیے  پہلے  سے  ہم  نے  پوشاک  اداسی  کی  سلا  کے  رکھ  لی
یہ  ایک  لمحہ  جسے  ہم  نیا  سمجھتے  ہیں  خدا  کرے  کہ  نئے  موسموں  کے  ساتھ  آئے
ہم  لکیریں  کرید  کر  دیکھیں  رنگ  لائے  گا  کیا  یہ  سال  نیا
مرا  ہاتھ  دیکھ  برہمنا  مرا  یار  مجھ  کو  ملے  گا  کب  ترے  منہ  سے  نکلے  خدا  کرے  اس  سال  میں  اسی  ماہ  میں
بہار  حسن  یہ  دو  دن  کی  چاندنی  ہے  حضور  جو  بات  اب  کی  برس  ہے  وہ  پار  سال  نہیں
گھر  لوٹ  کے  روئیں  گے  ماں  باپ  اکیلے  میں  مٹی  کے  کھلونے  بھی  سستے  نہ  تھے  میلے  میں
ماں  کی  دعا  نہ  باپ  کی  شفقت  کا  سایا  ہے  آج  اپنے  ساتھ  اپنا  جنم  دن  منایا  ہے
ہمیں  پڑھاؤ  نہ  رشتوں  کی  کوئی  اور  کتاب  پڑھی  ہے  باپ  کے  چہرے  کی  جھریاں  ہم  نے
ماں  باپ  اور  استاد  سب  ہیں  خدا  کی  رحمت  ہے  روک  ٹوک  ان  کی  حق  میں  تمہارے  نعمت
یہ  سوچ  کے  ماں  باپ  کی  خدمت  میں  لگا  ہوں  اس  پیڑ  کا  سایا  مرے  بچوں  کو  ملے  گا
بیٹیاں  باپ  کی  آنکھوں  میں  چھپے  خواب  کو  پہچانتی  ہیں  اور  کوئی  دوسرا  اس  خواب  کو  پڑھ  لے  تو  برا  مانتی  ہیں
مجھ  کو  چھاؤں  میں  رکھا  اور  خود  بھی  وہ  جلتا  رہا  میں  نے  دیکھا  اک  فرشتہ  باپ  کی  پرچھائیں  میں
ان  کے  ہونے  سے  بخت  ہوتے  ہیں  باپ  گھر  کے  درخت  ہوتے  ہیں
مجھ  کو  تھکنے  نہیں  دیتا  یہ  ضرورت  کا  پہاڑ  میرے  بچے  مجھے  بوڑھا  نہیں  ہونے  دیتے
عزیز  تر  مجھے  رکھتا  ہے  وہ  رگ  جاں  سے  یہ  بات  سچ  ہے  مرا  باپ  کم  نہیں  ماں  سے
بچے  میری  انگلی  تھامے  دھیرے  دھیرے  چلتے  تھے  پھر  وہ  آگے  دوڑ  گئے  میں  تنہا  پیچھے  چھوٹ  گیا
میرا  بھی  ایک  باپ  تھا  اچھا  سا  ایک  باپ  وہ  جس  جگہ  پہنچ  کے  مرا  تھا  وہیں  ہوں  میں
جب  بھی  والد  کی  جفا  یاد  آئی  اپنے  دادا  کی  خطا  یاد  آئی
ان  کا  اٹھنا  نہیں  ہے  حشر  سے  کم  گھر  کی  دیوار  باپ  کا  سایا
وہ  پیڑ  جس  کی  چھاؤں  میں  کٹی  تھی  عمر  گاؤں  میں  میں  چوم  چوم  تھک  گیا  مگر  یہ  دل  بھرا  نہیں
ہڈیاں  باپ  کی  گودے  سے  ہوئی  ہیں  خالی  کم  سے  کم  اب  تو  یہ  بیٹے  بھی  کمانے  لگ  جائیں
باپ  بوجھ  ڈھوتا  تھا  کیا  جہیز  دے  پاتا  اس  لئے  وہ  شہزادی  آج  تک  کنواری  ہے
صبح  سویرے  ننگے  پاؤں  گھاس  پہ  چلنا  ایسا  ہے  جیسے  باپ  کا  پہلا  بوسہ  قربت  جیسے  ماؤں  کی
میں  اپنے  باپ  کے  سینے  سے  پھول  چنتا  ہوں  سو  جب  بھی  سانس  تھمی  باغ  میں  ٹہل  آیا
میں  نے  ہاتھوں  سے  بجھائی  ہے  دہکتی  ہوئی  آگ  اپنے  بچے  کے  کھلونے  کو  بچانے  کے  لیے
کس  شفقت  میں  گندھے  ہوئے  مولا  ماں  باپ  دیے  کیسی  پیاری  روحوں  کو  میری  اولاد  کیا
باپ  کا  ہے  فخر  وہ  بیٹا  کہ  رکھتا  ہو  کمال  دیکھ  آئینے  کو  فرزند  رشید  سنگ  ہے
ترے  ماتھے  پہ  یہ  آنچل  بہت  ہی  خوب  ہے  لیکن  تو  اس  آنچل  سے  اک  پرچم  بنا  لیتی  تو  اچھا  تھا  تشریح  یہ  شعر  اسرارالحق  مجاز  کے  مشہور  اشعار  میں  سے  ایک  ہے۔  ماتھے  پہ  آنچل  ہونے  کے  کئی  معنی  ہیں۔  مثلاً  شرم  وحیا  ہونا،  اقدار  کا  پاس  ہوناوغیرہ  اور  ہندوستانی  معاشرے  میں  ان  چیزوں  کو  عورت  کا  زیور  سمجھا  جاتا  ہے۔مگر  جب  عورت  کے  اس  زیور  کو  مرد  اساس  معاشرے  میں  عورت  کی  کمزوری  سمجھا  جاتا  ہے  تو  عورت  کی  شخصیت  خطرے  میں  پڑ  جاتی  ہے۔  شاعر  نے  اسی  حقیقت  کو  اپنے  شعر  کا  مضمون  بنایا  ہے۔  شاعر  عورت  سے  مخاطب  ہوکر  کہتے  ہیں  کہ  اگرچہ  تمہارے  ماتھے  پر  شرم  و  حیا  کا  آنچل  خوب  لگتا  ہے  مگر  اسے  اپنی  کمزوری  مت  بنا۔  وقت  کا  تقاضا  ہے  کہ  تم  اپنے  آنچل  سے  انقلاب  کا  پرچم  بنا  اور  اپنے  حقوق  کے  لئے  اس  پرچم  کو  بلند  کرو۔      شفق سوپوری
عورت  نے  جنم  دیا  مردوں  کو  مردوں  نے  اسے  بازار  دیا  جب  جی  چاہا  مسلا  کچلا  جب  جی  چاہا  دھتکار  دیا
بیٹیاں  باپ  کی  آنکھوں  میں  چھپے  خواب  کو  پہچانتی  ہیں  اور  کوئی  دوسرا  اس  خواب  کو  پڑھ  لے  تو  برا  مانتی  ہیں
بتاؤں  کیا  تجھے  اے  ہم  نشیں  کس  سے  محبت  ہے  میں  جس  دنیا  میں  رہتا  ہوں  وہ  اس  دنیا  کی  عورت  ہے
ایک  عورت  سے  وفا  کرنے  کا  یہ  تحفہ  ملا  جانے  کتنی  عورتوں  کی  بد  دعائیں  ساتھ  ہیں
ایک  کے  گھر  کی  خدمت  کی  اور  ایک  کے  دل  سے  محبت  کی  دونوں  فرض  نبھا  کر  اس  نے  ساری  عمر  عبادت  کی
شہر  کا  تبدیل  ہونا  شاد  رہنا  اور  اداس  رونقیں  جتنی  یہاں  ہیں  عورتوں  کے  دم  سے  ہیں
عورت  کے  خدا  دو  ہیں  حقیقی  و  مجازی  پر  اس  کے  لیے  کوئی  بھی  اچھا  نہیں  ہوتا
طلاق  دے  تو  رہے  ہو  عتاب  و  قہر  کے  ساتھ  مرا  شباب  بھی  لوٹا  دو  میری  مہر  کے  ساتھ
کون  بدن  سے  آگے  دیکھے  عورت  کو  سب  کی  آنکھیں  گروی  ہیں  اس  نگری  میں
وجود  زن  سے  ہے  تصویر  کائنات  میں  رنگ  اسی  کے  ساز  سے  ہے  زندگی  کا  سوز  دروں
تو  آگ  میں  اے  عورت  زندہ  بھی  جلی  برسوں  سانچے  میں  ہر  اک  غم  کے  چپ  چاپ  ڈھلی  برسوں
تمام  پیکر  بدصورتی  ہے  مرد  کی  ذات  مجھے  یقیں  ہے  خدا  مرد  ہو  نہیں  سکتا
عورت  کو  سمجھتا  تھا  جو  مردوں  کا  کھلونا  اس  شخص  کو  داماد  بھی  ویسا  ہی  ملا  ہے
ابھی  روشن  ہوا  جاتا  ہے  رستہ  وہ  دیکھو  ایک  عورت  آ  رہی  ہے
یہ  عورتوں  میں  طوائف  تو  ڈھونڈ  لیتی  ہیں  طوائفوں  میں  انہیں  عورتیں  نہیں  ملتیں
عورت  اپنا  آپ  بچائے  تب  بھی  مجرم  ہوتی  ہے  عورت  اپنا  آپ  گنوائے  تب  بھی  مجرم  ہوتی  ہے
روشنی  بھی  نہیں  ہوا  بھی  نہیں  ماں  کا  نعم  البدل  خدا  بھی  نہیں
عورت  ہوں  مگر  صورت  کہسار  کھڑی  ہوں  اک  سچ  کے  تحفظ  کے  لیے  سب  سے  لڑی  ہوں
تم  بھی  آخر  ہو  مرد  کیا  جانو  ایک  عورت  کا  درد  کیا  جانو
عورتیں  کام  پہ  نکلی  تھیں  بدن  گھر  رکھ  کر  جسم  خالی  جو  نظر  آئے  تو  مرد  آ  بیٹھے
یہاں  کی  عورتوں  کو  علم  کی  پروا  نہیں  بے  شک  مگر  یہ  شوہروں  سے  اپنے  بے  پروا  نہیں  ہوتیں
عورت  ہو  تم  تو  تم  پہ  مناسب  ہے  چپ  رہو  یہ  بول  خاندان  کی  عزت  پہ  حرف  ہے
ہے  کامیابیٔ  مرداں  میں  ہاتھ  عورت  کا  مگر  تو  ایک  ہی  عورت  پہ  انحصار  نہ  کر
مانا  جیون  میں  عورت  اک  بار  محبت  کرتی  ہے  لیکن  مجھ  کو  یہ  تو  بتا  دے  کیا  تو  عورت  ذات  نہیں
دیکھ  کر  شاعر  نے  اس  کو  نکتۂ  حکمت  کہا  اور  بے  سوچے  زمانہ  نے  اسے  عورت  کہا
خود  پہ  یہ  ظلم  گوارا  نہیں  ہوگا  ہم  سے  ہم  تو  شعلوں  سے  نہ  گزریں  گے  نہ  سیتا  سمجھیں
خدا  نے  گڑھ  تو  دیا  عالم  وجود  مگر  سجاوٹوں  کی  بنا  عورتوں  کی  ذات  ہوئی
قصۂ  آدم  میں  ایک  اور  ہی  وحدت  پیدا  کر  لی  ہے  میں  نے  اپنے  اندر  اپنی  عورت  پیدا  کر  لی  ہے
جس  کو  تم  کہتے  ہو  خوش  بخت  سدا  ہے  مظلوم  جینا  ہر  دور  میں  عورت  کا  خطا  ہے  لوگو
نکل  کے  خلد  سے  ان  کو  ملی  خلافت  ارض  نکالے  جانے  کی  تہمت  ہمارے  سر  آئی
شو  کیس  میں  رکھا  ہوا  عورت  کا  جو  بت  ہے  گونگا  ہی  سہی  پھر  بھی  دل  آویز  بہت  ہے
سجنی  کی  آنکھوں  میں  چھپ  کر  جب  جھانکا  بن  ہولی  کھیلے  ہی  ساجن  بھیگ  گیا
ساقی  کچھ  آج  تجھ  کو  خبر  ہے  بسنت  کی  ہر  سو  بہار  پیش  نظر  ہے  بسنت  کی
منہ  پر  نقاب  زرد  ہر  اک  زلف  پر  گلال  ہولی  کی  شام  ہی  تو  سحر  ہے  بسنت  کی
غیر  سے  کھیلی  ہے  ہولی  یار  نے  ڈالے  مجھ  پر  دیدۂ  خوں  بار  رنگ
موسم  ہولی  ہے  دن  آئے  ہیں  رنگ  اور  راگ  کے  ہم  سے  تم  کچھ  مانگنے  آؤ  بہانے  پھاگ  کے
اب  کی  ہولی  میں  رہا  بے  کار  رنگ  اور  ہی  لایا  فراق  یار  رنگ
وہ  تماشا  و  کھیل  ہولی  کا  سب  کے  تن  رخت  کیسری  ہے  یاد
ہولی  کے  اب  بہانے  چھڑکا  ہے  رنگ  کس  نے  نام  خدا  تجھ  اوپر  اس  آن  عجب  سماں  ہے
پورا  کریں  گے  ہولی  میں  کیا  وعدۂ  وصال  جن  کو  ابھی  بسنت  کی  اے  دل  خبر  نہیں
بادل  آئے  ہیں  گھر  گلال  کے  لال  کچھ  کسی  کا  نہیں  کسی  کو  خیال
ڈال  کر  غنچوں  کی  مندری  شاخ  گل  کے  کان  میں  اب  کے  ہولی  میں  بنانا  گل  کو  جوگن  اے  صبا
بہار  آئی  کہ  دن  ہولی  کے  آئے  گلوں  میں  رنگ  کھیلا  جا  رہا  ہے
کس  کی  ہولی  جشن  نو  روزی  ہے  آج  سرخ  مے  سے  ساقیا  دستار  رنگ
مہیا  سب  ہے  اب  اسباب  ہولی  اٹھو  یارو  بھرو  رنگوں  سے  جھولی
شب  جو  ہولی  کی  ہے  ملنے  کو  ترے  مکھڑے  سے  جان  چاند  اور  تارے  لیے  پھرتے  ہیں  افشاں  ہاتھ  میں
سہج  یاد  آ  گیا  وہ  لال  ہولی  باز  جوں  دل  میں  گلالی  ہو  گیا  تن  پر  مرے  خرقہ  جو  اجلا  تھا
باد  بہار  میں  سب  آتش  جنون  کی  ہے  ہر  سال  آوتی  ہے  گرمی  میں  فصل  ہولی
لب  دریا  پہ  دیکھ  آ  کر  تماشا  آج  ہولی  کا  بھنور  کالے  کے  دف  باجے  ہے  موج  اے  یار  پانی  میں
وہی  پھر  مجھے  یاد  آنے  لگے  ہیں  جنہیں  بھولنے  میں  زمانے  لگے  ہیں
بھولے  ہیں  رفتہ  رفتہ  انہیں  مدتوں  میں  ہم  قسطوں  میں  خودکشی  کا  مزا  ہم  سے  پوچھئے
یہ  کہنا  تھا  ان  سے  محبت  ہے  مجھ  کو  یہ  کہنے  میں  مجھ  کو  زمانے  لگے  ہیں
محبت  کو  سمجھنا  ہے  تو  ناصح  خود  محبت  کر  کنارے  سے  کبھی  اندازۂ  طوفاں  نہیں  ہوتا
سنا  ہے  ہمیں  وہ  بھلانے  لگے  ہیں  تو  کیا  ہم  انہیں  یاد  آنے  لگے  ہیں
اب  ان  حدود  میں  لایا  ہے  انتظار  مجھے  وہ  آ  بھی  جائیں  تو  آئے  نہ  اعتبار  مجھے
ایسا  نہیں  کہ  ان  سے  محبت  نہیں  رہی  جذبات  میں  وہ  پہلی  سی  شدت  نہیں  رہی
تجھ  کو  برباد  تو  ہونا  تھا  بہرحال  خمارؔ  ناز  کر  ناز  کہ  اس  نے  تجھے  برباد  کیا
چراغوں  کے  بدلے  مکاں  جل  رہے  ہیں  نیا  ہے  زمانہ  نئی  روشنی  ہے
او  جانے  والے  آ  کہ  ترے  انتظار  میں  رستے  کو  گھر  بنائے  زمانے  گزر  گئے
صحرا  کو  بہت  ناز  ہے  ویرانی  پہ  اپنی  واقف  نہیں  شاید  مرے  اجڑے  ہوئے  گھر  سے
رات  باقی  تھی  جب  وہ  بچھڑے  تھے  کٹ  گئی  عمر  رات  باقی  ہے
دشمنوں  سے  پشیمان  ہونا  پڑا  ہے  دوستوں  کا  خلوص  آزمانے  کے  بعد
یہ  وفا  کی  سخت  راہیں  یہ  تمہارے  پاؤں  نازک  نہ  لو  انتقام  مجھ  سے  مرے  ساتھ  ساتھ  چل  کے
نہ  ہارا  ہے  عشق  اور  نہ  دنیا  تھکی  ہے  دیا  جل  رہا  ہے  ہوا  چل  رہی  ہے
عمر  بھر  چل  کے  بھی  پائی  نہیں  منزل  ہم  نے  کچھ  سمجھ  میں  نہیں  آتا  یہ  سفر  کیسا  ہے
ہم  بھی  کر  لیں  جو  روشنی  گھر  میں  پھر  اندھیرے  کہاں  قیام  کریں
حال  غم  کہہ  کے  غم  بڑھا  بیٹھے  تیر  مارے  تھے  تیر  کھا  بیٹھے
کہیں  شعر  و  نغمہ  بن  کے  کہیں  آنسوؤں  میں  ڈھل  کے  وہ  مجھے  ملے  تو  لیکن  کئی  صورتیں  بدل  کے
جلتے  دیوں  میں  جلتے  گھروں  جیسی  ضو  کہاں  سرکار  روشنی  کا  مزا  ہم  سے  پوچھئے
جو  سنتے  ہیں  کہ  ترے  شہر  میں  دسہرا  ہے  ہم  اپنے  گھر  میں  دوالی  سجانے  لگتے  ہیں
ہے  دسہرے  میں  بھی  یوں  گر  فرحت  و  زینت  نظیرؔ  پر  دوالی  بھی  عجب  پاکیزہ  تر  تیوہار  ہے
اب  نام  نہیں  کام  کا  قائل  ہے  زمانہ  اب  نام  کسی  شخص  کا  راون  نہ  ملے  گا
نذرؔ  پھر  آیا  ہے  اک  رسم  نبھانے  کا  دن  سج  سنور  کے  سبھی  راون  کو  جلانے  نکلے
قدم  قدم  ہیں  راون  لیکن  نربل  کے  بس  رام  بہت  ہیں
اچھوں  سے  پتہ  چلتا  ہے  انساں  کو  بروں  کا  راون  کا  پتہ  چل  نہ  سکا  رام  سے  پہلے
اب  بھی  کھڑی  ہے  سوچ  میں  ڈوبی  اجیالوں  کا  دان  لئے  آج  بھی  ریکھا  پار  ہے  راون  سیتا  کو  سمجھائے  کون
یہ  منزل  حق  کے  دیوانو  کچھ  سوچ  کرو  کچھ  کر  گزرو  کیا  جانے  کب  کیا  کر  گزرے  یہ  وقت  کا  راون  کیا  کہیے
درد  گھنیرا  ہجر  کا  صحرا  گھور  اندھیرا  اور  یادیں  رام  نکال  یہ  سارے  راون  میری  رام  کہانی  سے
جس  پاپ  کی  دنیا  میں  ہے  راون  کا  بسیرا  اس  سورگ  سی  دھرتی  پہ  کوئی  رام  نہیں  ہے
کسی  کے  زخم  پر  چاہت  سے  پٹی  کون  باندھے  گا  اگر  بہنیں  نہیں  ہوں  گی  تو  راکھی  کون  باندھے  گا
بہن  کی  التجا  ماں  کی  محبت  ساتھ  چلتی  ہے  وفائے  دوستاں  بہر  مشقت  ساتھ  چلتی  ہے
بہن  کا  پیار  جدائی  سے  کم  نہیں  ہوتا  اگر  وہ  دور  بھی  جائے  تو  غم  نہیں  ہوتا
یا  رب  مری  دعاؤں  میں  اتنا  اثر  رہے  پھولوں  بھرا  سدا  مری  بہنا  کا  گھر  رہے
زندگی  بھر  کی  حفاظت  کی  قسم  کھاتے  ہوئے  بھائی  کے  ہاتھ  پے  اک  بہن  نے  راکھی  باندھی
بہنوں  کی  محبت  کی  ہے  عظمت  کی  علامت  راکھی  کا  ہے  تہوار  محبت  کی  علامت
بندھن  سا  اک  بندھا  تھا  رگ  و  پے  سے  جسم  میں  مرنے  کے  بعد  ہاتھ  سے  موتی  بکھر  گئے
آستھا  کا  رنگ  آ  جائے  اگر  ماحول  میں  ایک  راکھی  زندگی  کا  رخ  بدل  سکتی  ہے  آج
راکھیاں  لے  کے  سلونوں  کی  برہمن  نکلیں  تار  بارش  کا  تو  ٹوٹے  کوئی  ساعت  کوئی  پل
اجالے  اپنی  یادوں  کے  ہمارے  ساتھ  رہنے  دو  نہ  جانے  کس  گلی  میں  زندگی  کی  شام  ہو  جائے
جو  گزاری  نہ  جا  سکی  ہم  سے  ہم  نے  وہ  زندگی  گزاری  ہے
بہت  پہلے  سے  ان  قدموں  کی  آہٹ  جان  لیتے  ہیں  تجھے  اے  زندگی  ہم  دور  سے  پہچان  لیتے  ہیں
زندگی  تو  نے  مجھے  قبر  سے  کم  دی  ہے  زمیں  پاؤں  پھیلاؤں  تو  دیوار  میں  سر  لگتا  ہے
زندگی  زندہ  دلی  کا  ہے  نام  مردہ  دل  خاک  جیا  کرتے  ہیں
موت  کا  بھی  علاج  ہو  شاید  زندگی  کا  کوئی  علاج  نہیں
زندگی  شاید  اسی  کا  نام  ہے  دوریاں  مجبوریاں  تنہائیاں
تنگ  آ  چکے  ہیں  کشمکش  زندگی  سے  ہم  ٹھکرا  نہ  دیں  جہاں  کو  کہیں  بے  دلی  سے  ہم
یوں  تو  مرنے  کے  لیے  زہر  سبھی  پیتے  ہیں  زندگی  تیرے  لیے  زہر  پیا  ہے  میں  نے
"زندگی  کیا  ہے  عناصر  میں  ظہور  ترتیب  موت  کیا  ہے  انہیں  اجزا  کا  پریشاں  ہونا  تشریح  چکبست  کا  یہ  شعر  بہت  مشہور  ہے۔  غالب  نے  کیا  خوب  کہا  تھا:  ہو  گئے  مضمحل  قویٰ  غالبؔ  اب  عناصر  میں  اعتدال  کہاں  انسانی  جسم  کچھ  عناصر  کی  ترتیب  سے  تشکیل  پاتا  ہے۔  حکماء  کی  نظر  میں  وہ  عناصر  آگ،  ہوا،  مٹی  اور  پانی  ہے۔  ان  عناصر  میں  جب  انتشار  پیدا  ہوتا  ہے  تو  انسانی  جسم  اپنا  توازن  کھو  بیٹھتا  ہے۔یعنی  غالب  کی  زبان  میں  جب  عناصر  میں  اعتدال  نہیں  رہتا  تو  قویٰ  یعنی  مختلف  قوتیں  کمزور  ہوجاتی  ہیں۔  چکبست  اسی  حقیقت  کی  طرف  اشارہ  کرتے  ہیں  کہ  جب  تک  انسانی  جسم  میں  عناصر  ترتیب  کے  ساتھ  رہتے  ہیں  آدمی  زندہ  رہتا  ہے۔  اور  جب  یہ  عناصر  پریشان  ہوجاتے  ہیں  یعنی  ان  میں  توزن  اور  اعتدال  نہیں  رہتا  تو  موت  واقع  ہو  جاتی  ہے۔  شفق سوپوری 
                                تشریح  چکبست  کا  یہ  شعر  بہت  مشہور  ہے۔  غالب  نے  کیا  خوب  کہا  تھا:  ہو  گئے  مضمحل  قویٰ  غالبؔ  اب  عناصر  میں  اعتدال  کہاں  انسانی  جسم  کچھ  عناصر  کی  ترتیب  سے  تشکیل  پاتا  ہے۔  حکماء  کی  نظر  میں  وہ  عناصر  آگ،  ہوا،  مٹی  اور  پانی  ہے۔  ان  عناصر  میں  جب  انتشار  پیدا  ہوتا  ہے  تو  انسانی  جسم  اپنا  توازن  کھو  بیٹھتا  ہے۔یعنی  غالب  کی  زبان  میں  جب  عناصر  میں  اعتدال  نہیں  رہتا  تو  قویٰ  یعنی  مختلف  قوتیں  کمزور  ہوجاتی  ہیں۔  چکبست  اسی  حقیقت  کی  طرف  اشارہ  کرتے  ہیں  کہ  جب  تک  انسانی  جسم  میں  عناصر  ترتیب  کے  ساتھ  رہتے  ہیں  آدمی  زندہ  رہتا  ہے۔  اور  جب  یہ  عناصر  پریشان  ہوجاتے  ہیں  یعنی  ان  میں  توزن  اور  اعتدال  نہیں  رہتا  تو  موت  واقع  ہو  جاتی  ہے۔  شفق سوپوری"
چلا  جاتا  ہوں  ہنستا  کھیلتا  موج  حوادث  سے  اگر  آسانیاں  ہوں  زندگی  دشوار  ہو  جائے
میں  سوچتا  ہوں  بہت  زندگی  کے  بارے  میں  یہ  زندگی  بھی  مجھے  سوچ  کر  نہ  رہ  جائے
ہر  نفس  عمر  گزشتہ  کی  ہے  میت  فانیؔ  زندگی  نام  ہے  مر  مر  کے  جئے  جانے  کا
میں  مے  کدے  کی  راہ  سے  ہو  کر  نکل  گیا  ورنہ  سفر  حیات  کا  کافی  طویل  تھا
زندگی  اک  آنسوؤں  کا  جام  تھا  پی  گئے  کچھ  اور  کچھ  چھلکا  گئے
مختصر  یہ  ہے  ہماری  داستان  زندگی  اک  سکون  دل  کی  خاطر  عمر  بھر  تڑپا  کیے
اک  معمہ  ہے  سمجھنے  کا  نہ  سمجھانے  کا  زندگی  کاہے  کو  ہے  خواب  ہے  دیوانے  کا
اب  بھی  اک  عمر  پہ  جینے  کا  نہ  انداز  آیا  زندگی  چھوڑ  دے  پیچھا  مرا  میں  باز  آیا
عید  کا  چاند  تم  نے  دیکھ  لیا  چاند  کی  عید  ہو  گئی  ہوگی
عید  کا  دن  ہے  گلے  آج  تو  مل  لے  ظالم  رسم  دنیا  بھی  ہے  موقع  بھی  ہے  دستور  بھی  ہے
تجھ  کو  میری  نہ  مجھے  تیری  خبر  جائے  گی  عید  اب  کے  بھی  دبے  پاؤں  گزر  جائے  گی
عید  آئی  تم  نہ  آئے  کیا  مزا  ہے  عید  کا  عید  ہی  تو  نام  ہے  اک  دوسرے  کی  دید  کا
ہم  نے  تجھے  دیکھا  نہیں  کیا  عید  منائیں  جس  نے  تجھے  دیکھا  ہو  اسے  عید  مبارک
مل  کے  ہوتی  تھی  کبھی  عید  بھی  دیوالی  بھی  اب  یہ  حالت  ہے  کہ  ڈر  ڈر  کے  گلے  ملتے  ہیں
فلک  پہ  چاند  ستارے  نکلتے  ہیں  ہر  شب  ستم  یہی  ہے  نکلتا  نہیں  ہمارا  چاند
دیکھا  ہلال  عید  تو  آیا  تیرا  خیال  وہ  آسماں  کا  چاند  ہے  تو  میرا  چاند  ہے
کہتے  ہیں  عید  ہے  آج  اپنی  بھی  عید  ہوتی  ہم  کو  اگر  میسر  جاناں  کی  دید  ہوتی
اے  ہوا  تو  ہی  اسے  عید  مبارک  کہیو  اور  کہیو  کہ  کوئی  یاد  کیا  کرتا  ہے
اس  سے  ملنا  تو  اسے  عید  مبارک  کہنا  یہ  بھی  کہنا  کہ  مری  عید  مبارک  کر  دے
جو  لوگ  گزرتے  ہیں  مسلسل  رہ  دل  سے  دن  عید  کا  ان  کو  ہو  مبارک  تہ  دل  سے
عید  کا  دن  ہے  سو  کمرے  میں  پڑا  ہوں  اسلمؔ  اپنے  دروازے  کو  باہر  سے  مقفل  کر  کے
عید  اب  کے  بھی  گئی  یوں  ہی  کسی  نے  نہ  کہا  کہ  ترے  یار  کو  ہم  تجھ  سے  ملا  دیتے  ہیں
ماہ  نو  دیکھنے  تم  چھت  پہ  نہ  جانا  ہرگز  شہر  میں  عید  کی  تاریخ  بدل  جائے  گی
اس  مہرباں  نظر  کی  عنایت  کا  شکریہ  تحفہ  دیا  ہے  عید  پہ  ہم  کو  جدائی  کا
وعدوں  ہی  پہ  ہر  روز  مری  جان  نہ  ٹالو  ہے  عید  کا  دن  اب  تو  گلے  ہم  کو  لگا  لو
عید  تو  آ  کے  مرے  جی  کو  جلاوے  افسوس  جس  کے  آنے  کی  خوشی  ہو  وہ  نہ  آوے  افسوس
ہے  عید  کا  دن  آج  تو  لگ  جاؤ  گلے  سے  جاتے  ہو  کہاں  جان  مری  آ  کے  مقابل
آج  یاروں  کو  مبارک  ہو  کہ  صبح  عید  ہے  راگ  ہے  مے  ہے  چمن  ہے  دل  ربا  ہے  دید  ہے
حاصل  اس  مہ  لقا  کی  دید  نہیں  عید  ہے  اور  ہم  کو  عید  نہیں
مہک  اٹھی  ہے  فضا  پیرہن  کی  خوشبو  سے  چمن  دلوں  کا  کھلانے  کو  عید  آئی  ہے
آئی  عید  و  دل  میں  نہیں  کچھ  ہوائے  عید  اے  کاش  میرے  پاس  تو  آتا  بجائے  عید
عید  کا  چاند  جو  دیکھا  تو  تمنا  لپٹی  ان  سے  تقریب  ملاقات  کا  رشتہ  نکلا
عید  کو  بھی  وہ  نہیں  ملتے  ہیں  مجھ  سے  نہ  ملیں  اک  برس  دن  کی  ملاقات  ہے  یہ  بھی  نہ  سہی
ہے  عید  میکدے  کو  چلو  دیکھتا  ہے  کون  شہد  و  شکر  پہ  ٹوٹ  پڑے  روزہ  دار  آج
کئی  فاقوں  میں  عید  آئی  ہے  آج  تو  ہو  تو  جان  ہم  آغوش
اگر  حیات  ہے  دیکھیں  گے  ایک  دن  دیدار  کہ  ماہ  عید  بھی  آخر  ہے  ان  مہینوں  میں
بادباں  ناز  سے  لہرا  کے  چلی  باد  مراد  کارواں  عید  منا  قافلہ  سالار  آیا
خوشی  ہے  سب  کو  روز  عید  کی  یاں  ہوئے  ہیں  مل  کے  باہم  آشنا  خوش
چلتی  پھرتی  ہوئی  آنکھوں  سے  اذاں  دیکھی  ہے  میں  نے  جنت  تو  نہیں  دیکھی  ہے  ماں  دیکھی  ہے
دعا  کو  ہات  اٹھاتے  ہوئے  لرزتا  ہوں  کبھی  دعا  نہیں  مانگی  تھی  ماں  کے  ہوتے  ہوئے
ابھی  زندہ  ہے  ماں  میری  مجھے  کچھ  بھی  نہیں  ہوگا  میں  گھر  سے  جب  نکلتا  ہوں  دعا  بھی  ساتھ  چلتی  ہے
ایک  مدت  سے  مری  ماں  نہیں  سوئی  تابشؔ  میں  نے  اک  بار  کہا  تھا  مجھے  ڈر  لگتا  ہے
اس  طرح  میرے  گناہوں  کو  وہ  دھو  دیتی  ہے  ماں  بہت  غصے  میں  ہوتی  ہے  تو  رو  دیتی  ہے
کسی  کو  گھر  ملا  حصے  میں  یا  کوئی  دکاں  آئی  میں  گھر  میں  سب  سے  چھوٹا  تھا  مرے  حصے  میں  ماں  آئی
گھر  لوٹ  کے  روئیں  گے  ماں  باپ  اکیلے  میں  مٹی  کے  کھلونے  بھی  سستے  نہ  تھے  میلے  میں
جب  بھی  کشتی  مری  سیلاب  میں  آ  جاتی  ہے  ماں  دعا  کرتی  ہوئی  خواب  میں  آ  جاتی  ہے
ماں  کی  دعا  نہ  باپ  کی  شفقت  کا  سایا  ہے  آج  اپنے  ساتھ  اپنا  جنم  دن  منایا  ہے
ماں  باپ  اور  استاد  سب  ہیں  خدا  کی  رحمت  ہے  روک  ٹوک  ان  کی  حق  میں  تمہارے  نعمت
کل  اپنے  آپ  کو  دیکھا  تھا  ماں  کی  آنکھوں  میں  یہ  آئینہ  ہمیں  بوڑھا  نہیں  بتاتا  ہے
تیرے  دامن  میں  ستارے  ہیں  تو  ہوں  گے  اے  فلک  مجھ  کو  اپنی  ماں  کی  میلی  اوڑھنی  اچھی  لگی
منور  ماں  کے  آگے  یوں  کبھی  کھل  کر  نہیں  رونا  جہاں  بنیاد  ہو  اتنی  نمی  اچھی  نہیں  ہوتی
برباد  کر  دیا  ہمیں  پردیس  نے  مگر  ماں  سب  سے  کہہ  رہی  ہے  کہ  بیٹا  مزے  میں  ہے
ماں  کی  آغوش  میں  کل  موت  کی  آغوش  میں  آج  ہم  کو  دنیا  میں  یہ  دو  وقت  سہانے  سے  ملے
یہ  ایسا  قرض  ہے  جو  میں  ادا  کر  ہی  نہیں  سکتا  میں  جب  تک  گھر  نہ  لوٹوں  میری  ماں  سجدے  میں  رہتی  ہے
کتابوں  سے  نکل  کر  تتلیاں  غزلیں  سناتی  ہیں  ٹفن  رکھتی  ہے  میری  ماں  تو  بستہ  مسکراتا  ہے
مدتوں  بعد  میسر  ہوا  ماں  کا  آنچل  مدتوں  بعد  ہمیں  نیند  سہانی  آئی
طفل  میں  بو  آئے  کیا  ماں  باپ  کے  اطوار  کی  دودھ  تو  ڈبے  کا  ہے  تعلیم  ہے  سرکار  کی
اے  رات  مجھے  ماں  کی  طرح  گود  میں  لے  لے  دن  بھر  کی  مشقت  سے  بدن  ٹوٹ  رہا  ہے
سب  نے  مانا  مرنے  والا  دہشت  گرد  اور  قاتل  تھا  ماں  نے  پھر  بھی  قبر  پہ  اس  کی  راج  دلارا  لکھا  تھا
دور  رہتی  ہیں  سدا  ان  سے  بلائیں  ساحل  اپنے  ماں  باپ  کی  جو  روز  دعا  لیتے  ہیں
میں  نے  کل  شب  چاہتوں  کی  سب  کتابیں  پھاڑ  دیں  صرف  اک  کاغذ  پہ  لکھا  لفظ  ماں  رہنے  دیا
شہر  میں  آ  کر  پڑھنے  والے  بھول  گئے  کس  کی  ماں  نے  کتنا  زیور  بیچا  تھا
دن  بھر  کی  مشقت  سے  بدن  چور  ہے  لیکن  ماں  نے  مجھے  دیکھا  تو  تھکن  بھول  گئی  ہے
آج  پھر  ماں  مجھے  مارے  گی  بہت  رونے  پر  آج  پھر  گاؤں  میں  آیا  ہے  کھلونے  والا
شہر  کے  رستے  ہوں  چاہے  گاؤں  کی  پگڈنڈیاں  ماں  کی  انگلی  تھام  کر  چلنا  بہت  اچھا  لگا
بچے  فریب  کھا  کے  چٹائی  پہ  سو  گئے  اک  ماں  ابالتی  رہی  پتھر  تمام  رات
جب  چلی  ٹھنڈی  ہوا  بچہ  ٹھٹھر  کر  رہ  گیا  ماں  نے  اپنے  لعل  کی  تختی  جلا  دی  رات  کو
ماں  نے  لکھا  ہے  خط  میں  جہاں  جاؤ  خوش  رہو  مجھ  کو  بھلے  نہ  یاد  کرو  گھر  نہ  بھولنا
ایک  لڑکا  شہر  کی  رونق  میں  سب  کچھ  بھول  جائے  ایک  بڑھیا  روز  چوکھٹ  پر  دیا  روشن  کرے
اس  لیے  چل  نہ  سکا  کوئی  بھی  خنجر  مجھ  پر  میری  شہ  رگ  پہ  مری  ماں  کی  دعا  رکھی  تھی
شاید  یوں  ہی  سمٹ  سکیں  گھر  کی  ضرورتیں  تنویرؔ  ماں  کے  ہاتھ  میں  اپنی  کمائی  دے
روشنی  بھی  نہیں  ہوا  بھی  نہیں  ماں  کا  نعم  البدل  خدا  بھی  نہیں
ماں  خواب  میں  آ  کر  یہ  بتا  جاتی  ہے  ہر  روز  بوسیدہ  سی  اوڑھی  ہوئی  اس  شال  میں  ہم  ہیں
سامنے  ماں  کے  جو  ہوتا  ہوں  تو  اللہ  اللہ  مجھ  کو  محسوس  یہ  ہوتا  ہے  کہ  بچہ  ہوں  ابھی
ماں  مجھے  دیکھ  کے  ناراض  نہ  ہو  جائے  کہیں  سر  پہ  آنچل  نہیں  ہوتا  ہے  تو  ڈر  ہوتا  ہے
بوسے  بیوی  کے  ہنسی  بچوں  کی  آنکھیں  ماں  کی  قید  خانے  میں  گرفتار  سمجھئے  ہم  کو
بہن  کی  التجا  ماں  کی  محبت  ساتھ  چلتی  ہے  وفائے  دوستاں  بہر  مشقت  ساتھ  چلتی  ہے
میں  نے  ماں  کا  لباس  جب  پہنا  مجھ  کو  تتلی  نے  اپنے  رنگ  دیے
گھر  سے  نکلے  ہوئے  بیٹوں  کا  مقدر  معلوم  ماں  کے  قدموں  میں  بھی  جنت  نہیں  ملنے  والی
اب  اک  رومال  میرے  ساتھ  کا  ہے  جو  میری  والدہ  کے  ہاتھ  کا  ہے
وہ  لمحہ  جب  مرے  بچے  نے  ماں  پکارا  مجھے  میں  ایک  شاخ  سے  کتنا  گھنا  درخت  ہوئی
کس  شفقت  میں  گندھے  ہوئے  مولا  ماں  باپ  دیے  کیسی  پیاری  روحوں  کو  میری  اولاد  کیا
ہوا  دکھوں  کی  جب  آئی  کبھی  خزاں  کی  طرح  مجھے  چھپا  لیا  مٹی  نے  میری  ماں  کی  طرح
بوڑھی  ماں  کا  شاید  لوٹ  آیا  بچپن  گڑیوں  کا  انبار  لگا  کر  بیٹھ  گئی
سرور  جاں  فزا  دیتی  ہے  آغوش  وطن  سب  کو  کہ  جیسے  بھی  ہوں  بچے  ماں  کو  پیارے  ایک  جیسے  ہیں
دل  سے  نکلے  گی  نہ  مر  کر  بھی  وطن  کی  الفت  میری  مٹی  سے  بھی  خوشبوئے  وفا  آئے  گی
لہو  وطن  کے  شہیدوں  کا  رنگ  لایا  ہے  اچھل  رہا  ہے  زمانے  میں  نام  آزادی
وطن  کے  جاں  نثار  ہیں  وطن  کے  کام  آئیں  گے  ہم  اس  زمیں  کو  ایک  روز  آسماں  بنائیں  گے
مٹی  کی  محبت  میں  ہم  آشفتہ  سروں  نے  وہ  قرض  اتارے  ہیں  کہ  واجب  بھی  نہیں  تھے
مذہب  نہیں  سکھاتا  آپس  میں  بیر  رکھنا  ہندی  ہیں  ہم  وطن  ہے  ہندوستاں  ہمارا
دلوں  میں  حب  وطن  ہے  اگر  تو  ایک  رہو  نکھارنا  یہ  چمن  ہے  اگر  تو  ایک  رہو
وطن  کی  خاک  سے  مر  کر  بھی  ہم  کو  انس  باقی  ہے  مزا  دامان  مادر  کا  ہے  اس  مٹی  کے  دامن  میں
وطن  کی  خاک  ذرا  ایڑیاں  رگڑنے  دے  مجھے  یقین  ہے  پانی  یہیں  سے  نکلے  گا
اس  ملک  کی  سرحد  کو  کوئی  چھو  نہیں  سکتا  جس  ملک  کی  سرحد  کی  نگہبان  ہیں  آنکھیں
وطن  کی  پاسبانی  جان  و  ایماں  سے  بھی  افضل  ہے  میں  اپنے  ملک  کی  خاطر  کفن  بھی  ساتھ  رکھتا  ہوں
خوں  شہیدان  وطن  کا  رنگ  لا  کر  ہی  رہا  آج  یہ  جنت  نشاں  ہندوستاں  آزاد  ہے
اے  اہل  وطن  شام  و  سحر  جاگتے  رہنا  اغیار  ہیں  آمادۂ  شر  جاگتے  رہنا
جنت  کی  زندگی  ہے  جس  کی  فضا  میں  جینا  میرا  وطن  وہی  ہے  میرا  وطن  وہی  ہے
ہے  محبت  اس  وطن  سے  اپنی  مٹی  سے  ہمیں  اس  لیے  اپنا  کریں  گے  جان  و  تن  قربان  ہم
نہ  پوچھو  ہم  سفرو  مجھ  سے  ماجرا  وطن  وطن  ہے  مجھ  پے  فدا  اور  میں  فدائے  وطن
تن  من  مٹائے  جاؤ  تم  نام  قومیت  پر  راہ  وطن  پر  اپنی  جانیں  لڑائے  جاؤ
کارواں  جن  کا  لٹا  راہ  میں  آزادی  کی  قوم  کا  ملک  کا  ان  درد  کے  ماروں  کو  سلامؔ
شدید  پیاس  تھی  پھر  بھی  چھوا  نہ  پانی  کو  میں  دیکھتا  رہا  دریا  تری  روانی  کو
جہاں  میں  ہونے  کو  اے  دوست  یوں  تو  سب  ہوگا  ترے  لبوں  پہ  مرے  لب  ہوں  ایسا  کب  ہوگا
جستجو  جس  کی  تھی  اس  کو  تو  نہ  پایا  ہم  نے  اس  بہانے  سے  مگر  دیکھ  لی  دنیا  ہم  نے
سیاہ  رات  نہیں  لیتی  نام  ڈھلنے  کا  یہی  تو  وقت  ہے  سورج  ترے  نکلنے  کا
شکوہ  کوئی  دریا  کی  روانی  سے  نہیں  ہے  رشتہ  ہی  مری  پیاس  کا  پانی  سے  نہیں  ہے
کیا  کوئی  نئی  بات  نظر  آتی  ہے  ہم  میں  آئینہ  ہمیں  دیکھ  کے  حیران  سا  کیوں  ہے
گھر  کی  تعمیر  تصور  ہی  میں  ہو  سکتی  ہے  اپنے  نقشے  کے  مطابق  یہ  زمیں  کچھ  کم  ہے
یہ  کیا  ہے  محبت  میں  تو  ایسا  نہیں  ہوتا  میں  تجھ  سے  جدا  ہو  کے  بھی  تنہا  نہیں  ہوتا
اک  بوند  زہر  کے  لیے  پھیلا  رہے  ہو  ہاتھ  دیکھو  کبھی  خود  اپنے  بدن  کو  نچوڑ  کے
پہلے  نہائی  اوس  میں  پھر  آنسوؤں  میں  رات  یوں  بوند  بوند  اتری  ہمارے  گھروں  میں  رات
سبھی  کو  غم  ہے  سمندر  کے  خشک  ہونے  کا  کہ  کھیل  ختم  ہوا  کشتیاں  ڈبونے  کا
یا  تیرے  علاوہ  بھی  کسی  شے  کی  طلب  ہے  یا  اپنی  محبت  پہ  بھروسا  نہیں  ہم  کو
اب  رات  کی  دیوار  کو  ڈھانا  ہے  ضروری  یہ  کام  مگر  مجھ  سے  اکیلے  نہیں  ہوگا
عمر  کا  لمبا  حصہ  کر  کے  دانائی  کے  نام  ہم  بھی  اب  یہ  سوچ  رہے  ہیں  پاگل  ہو  جائیں
جمع  کرتے  رہے  جو  اپنے  کو  ذرہ  ذرہ  وہ  یہ  کیا  جانیں  بکھرنے  میں  سکوں  کتنا  ہے
آنکھ  کی  یہ  ایک  حسرت  تھی  کہ  بس  پوری  ہوئی  آنسوؤں  میں  بھیگ  جانے  کی  ہوس  پوری  ہوئی
یہ  جب  ہے  کہ  اک  خواب  سے  رشتہ  ہے  ہمارا  دن  ڈھلتے  ہی  دل  ڈوبنے  لگتا  ہے  ہمارا
آسماں  کچھ  بھی  نہیں  اب  تیرے  کرنے  کے  لیے  میں  نے  سب  تیاریاں  کر  لی  ہیں  مرنے  کے  لیے
آنکھوں  میں  تیری  دیکھ  رہا  ہوں  میں  اپنی  شکل  یہ  کوئی  واہمہ  یہ  کوئی  خواب  تو  نہیں
تو  کہاں  ہے  تجھ  سے  اک  نسبت  تھی  میری  ذات  کو  کب  سے  پلکوں  پر  اٹھائے  پھر  رہا  ہوں  رات  کو
جس  طرف  تو  ہے  ادھر  ہوں  گی  سبھی  کی  نظریں  عید  کے  چاند  کا  دیدار  بہانہ  ہی  سہی
بڑے  سکون  سے  ڈوبے  تھے  ڈوبنے  والے  جو  ساحلوں  پہ  کھڑے  تھے  بہت  پکارے  بھی
لکھا  تھا  ایک  تختی  پر  کوئی  بھی  پھول  مت  توڑے  مگر  آندھی  تو  ان  پڑھ  تھی  سو  جب  وہ  باغ  سے  گزری  کوئی  اکھڑا  کوئی  ٹوٹا  خزاں  کے  آخری  دن  تھے
چہرے  پہ  مرے  زلف  کو  پھیلاؤ  کسی  دن  کیا  روز  گرجتے  ہو  برس  جاؤ  کسی  دن
جیسے  بارش  سے  دھلے  صحن  گلستاں  امجدؔ  آنکھ  جب  خشک  ہوئی  اور  بھی  چہرا  چمکا
کس  قدر  یادیں  ابھر  آئی  ہیں  تیرے  نام  سے  ایک  پتھر  پھینکنے  سے  پڑ  گئے  کتنے  بھنور
کیا  ہو  جاتا  ہے  ان  ہنستے  جیتے  جاگتے  لوگوں  کو  بیٹھے  بیٹھے  کیوں  یہ  خود  سے  باتیں  کرنے  لگتے  ہیں
بے  ثمر  پیڑوں  کو  چومیں  گے  صبا  کے  سبز  لب  دیکھ  لینا  یہ  خزاں  بے  دست  و  پا  رہ  جائے  گی
ہر  سمندر  کا  ایک  ساحل  ہے  ہجر  کی  رات  کا  کنارا  نہیں
گزریں  جو  میرے  گھر  سے  تو  رک  جائیں  ستارے  اس  طرح  مری  رات  کو  چمکاؤ  کسی  دن
ایک  نظر  دیکھا  تھا  اس  نے  آگے  یاد  نہیں  کھل  جاتی  ہے  دریا  کی  اوقات  سمندر  میں
حادثہ  بھی  ہونے  میں  وقت  کچھ  تو  لیتا  ہے  بخت  کے  بگڑنے  میں  دیر  کچھ  تو  لگتی  ہے
کمال  حسن  ہے  حسن  کمال  سے  باہر  ازل  کا  رنگ  ہے  جیسے  مثال  سے  باہر
کچھ  ایسی  بے  یقینی  تھی  فضا  میں  جو  اپنے  تھے  وہ  بیگانے  لگے  ہیں
یوں  تو  ہر  رات  چمکتے  ہیں  ستارے  لیکن  وصل  کی  رات  بہت  صبح  کا  تارا  چمکا
فضا  میں  تیرتے  رہتے  ہیں  نقش  سے  کیا  کیا  مجھے  تلاش  نہ  کرتی  ہوں  یہ  بلائیں  کہیں
آنکھ  بھی  اپنی  سراب  آلود  ہے  اور  اس  دریا  میں  پانی  بھی  نہیں
یہ  جو  سائے  سے  بھٹکتے  ہیں  ہمارے  ارد  گرد  چھو  کے  ان  کو  دیکھیے  تو  واہمہ  کوئی  نہیں
درد  کا  رستہ  ہے  یا  ہے  ساعت  روز  حساب  سیکڑوں  لوگوں  کو  روکا  ایک  بھی  ٹھہرا  نہیں
نہ  اس  کا  انت  ہے  کوئی  نہ  استعارہ  ہے  یہ  داستان  ہے  ہجر  و  وصال  سے  باہر
